    Res  Intern  Tot_EL    V_EL    C_EL    H_EL Tot_ScSc  V_ScSc  C_ScSc  H_ScSc   Total
    All  16.858 -38.774  -7.061 -15.120 -16.594  -2.048  -0.186  -1.409  -0.453 -23.964
   S1_A   1.774  -4.281  -0.333  -2.886  -1.062  -0.110  -0.009  -0.100   0.000  -2.616
   S5_A   1.774  -4.724  -0.057  -3.976  -0.691  -0.977  -0.024  -0.953   0.000  -3.927
   S9_A   1.613  -4.757  -1.054  -1.325  -2.378  -0.141  -0.042  -0.099   0.000  -3.285
  S10_A   1.613  -4.367  -1.038  -1.024  -2.304  -0.943  -0.051  -0.892   0.000  -3.697
  S11_A   1.613  -4.127  -1.049  -0.761  -2.317   0.045  -0.027   0.072   0.000  -2.469
  T19_A   3.632  -3.800  -0.385  -2.770  -0.644  -0.466  -0.108   0.094  -0.453  -0.634
  S20_A   1.613  -4.613  -1.049  -1.233  -2.330  -0.805  -0.073  -0.279  -0.453  -3.805
  S22_A   1.613  -4.467  -1.067  -1.069  -2.331  -0.408  -0.038  -0.370   0.000  -3.261
  S27_A   1.613  -3.640  -1.029  -0.075  -2.536  -0.291   0.000  -0.291   0.000  -2.318
