    Res  Intern  Tot_EL    V_EL    C_EL    H_EL Tot_ScSc  V_ScSc  C_ScSc  H_ScSc   Total
    All 326.866 -300.346 -55.870 -217.241 -27.234  32.167 -29.126  62.231  -0.939  58.687
   F2_A  11.917  -4.390  -1.503  -2.887   0.000   1.654  -0.502   2.156   0.000   9.181
   F3_A  11.917  -6.645  -1.421  -5.224   0.000   1.121  -1.408   2.529   0.000   6.393
   V4_A   6.478  -3.127  -2.028  -1.099   0.000   0.401  -0.543   0.945   0.000   3.753
   L5_A   7.278  -3.507  -2.253  -1.254   0.000   0.945  -2.041   2.986   0.000   4.717
   C6_A   1.750  -8.251  -1.566  -4.887  -1.799   2.185  -1.061   3.247   0.000  -4.316
   F7_A  14.738  -9.758  -3.716  -6.041   0.000  -1.778  -1.999   0.221   0.000   3.202
   M8_A   4.018  -7.635  -2.049  -5.586   0.000  -1.217  -1.313   0.096   0.000  -4.834
   F9_A  14.738  -9.152  -3.582  -5.570   0.000  -0.567  -2.395   1.827   0.000   5.018
  L10_A   7.091  -6.029   0.123  -6.153   0.000  -1.483  -1.276  -0.207   0.000  -0.422
  D11_A   3.833   8.714  -1.717  10.434  -0.003 -13.860  -0.564 -13.296   0.000  -1.313
  S12_A   1.613  -4.765  -1.086  -0.799  -2.881  -0.909  -0.992   0.083   0.000  -4.062
  S13_A   1.613  -3.012  -1.071   0.663  -2.605  -2.628  -0.564  -2.064   0.000  -4.027
  S14_A   1.613  -1.815   2.377  -0.061  -4.132   0.614  -0.338   0.952   0.000   0.412
  V15_A   6.478   3.942   6.233  -2.291   0.000  -0.635  -1.079   0.444   0.000   9.785
  W16_A  30.269 -11.569  -6.098  -5.471  -0.000  -2.730  -1.526  -1.204   0.000  15.970
  F17_A  12.054  -5.677  -2.641  -3.036   0.000  -0.252  -1.372   1.120   0.000   6.125
  V18_A   6.478  -1.174   0.592  -1.766   0.000  -1.477  -1.189  -0.288   0.000   3.827
  T19_A   3.632   1.000  -0.703   2.257  -0.555  -4.724  -1.121  -3.603   0.000  -0.092
  L20_A   7.278  -7.170  -2.688  -4.482   0.000   2.447  -1.185   3.631   0.000   2.555
  L21_A   7.278  -7.087  -1.907  -5.180   0.000   1.421  -2.679   4.100   0.000   1.612
  N22_A   3.182 -10.134  -2.234  -7.659  -0.241   1.687  -1.074   2.760   0.000  -5.266
  I23_A   8.995  -1.808   1.399  -3.207   0.000   1.271  -1.388   2.659   0.000   8.458
  L24_A   7.278  -7.255  -2.416  -4.839   0.000   6.516  -1.668   8.184   0.000   6.539
  Y25_A  14.922  -8.613  -2.462  -6.150   0.000   0.017  -3.696   3.713   0.000   6.327
  C26_A   1.750  -7.776  -0.870  -5.125  -1.781   4.255  -0.618   4.873   0.000  -1.772
  V27_A   6.478  -3.129  -1.220  -1.909   0.000   2.248  -0.979   3.227   0.000   5.597
  K28_A   9.309 -40.075  -2.643 -33.766  -3.667  15.893  -4.814  20.707   0.000 -14.873
  I29_A  13.073  -4.914  -2.660  -2.255   0.000  -1.003  -2.440   1.437   0.000   7.156
  T30_A   3.632   1.133  -2.159   3.717  -0.425  -7.290  -1.273  -5.961  -0.056  -2.525
  N31_A   5.502 -14.179  -1.069 -11.410  -1.700   7.675  -0.910   9.468  -0.883  -1.002
  F32_A  14.738  -9.189  -3.149  -6.040   0.000   1.106  -3.106   4.211   0.000   6.655
  Q33_A   5.750 -13.778  -2.624  -7.295  -3.859   6.786  -2.045   8.832   0.000  -1.242
  H34_A  17.749 -12.852  -2.888  -8.496  -1.468   4.730  -1.125   5.911  -0.056   9.627
  S35_A   1.613  -2.778  -0.902  -1.875  -0.000  -5.393  -0.551  -3.959  -0.883  -6.557
  V36_A   6.478   2.043   4.875  -2.831   0.000   1.583  -1.141   2.724   0.000  10.105
  F37_A  11.917 -11.518  -3.226  -8.292   0.000   7.450  -2.535   9.984   0.000   7.849
  L38_A   7.278  -8.983  -2.029  -6.954   0.000   8.069  -0.849   8.918   0.000   6.364
  L39_A   7.091  -8.392  -2.021  -6.370   0.000   3.876  -0.535   4.411   0.000   2.575
  L40_A   7.278  -7.414  -2.010  -5.404   0.000   5.435  -0.864   6.299   0.000   5.299
  K41_A  10.789 -43.626   1.140 -42.648  -2.118  20.896  -1.494  22.390   0.000 -11.941
