    Res  Intern  Tot_EL    V_EL    C_EL    H_EL Tot_ScSc  V_ScSc  C_ScSc  H_ScSc   Total
    All 213.528 -89.512  32.397 -104.247 -17.662   3.698 -17.177  23.710  -2.836 127.714
   R1_A  10.283  -7.249  -1.856  -5.253  -0.140  -5.360  -1.422  -1.483  -2.454  -2.325
   I2_A   9.043  -1.786  -1.308  -0.478   0.000   0.062  -1.498   1.560   0.000   7.319
   L3_A   8.681  -3.762  -1.595  -2.167   0.000   1.138  -1.105   2.243   0.000   6.058
   F4_A  11.917  -3.960  -1.148  -2.812   0.000   4.247  -0.723   4.970   0.000  12.204
   S5_A   1.774  -3.755  -1.495  -1.727  -0.533  -8.953  -0.925  -5.573  -2.454 -10.934
   L6_A   7.278  -5.145  -2.460  -2.685   0.000   3.164  -1.097   4.260   0.000   5.297
   I8_A   8.995  -0.138   1.447  -1.584   0.000   1.269  -0.949   2.218   0.000  10.126
   T9_A   3.632   1.481  -1.748   8.183  -4.953  -8.849  -0.672  -8.176   0.000  -3.735
  R10_A  10.734 -42.386  -3.161 -38.103  -1.122  14.392  -2.991  17.764  -0.381 -17.261
  F11_A  11.917  -7.825  -1.503  -6.323   0.000   4.718  -1.132   5.850   0.000   8.809
  L12_A   7.278  -5.677  -2.251  -3.427   0.000   2.754  -0.646   3.399   0.000   4.354
  M13_A   5.047  -9.197  -2.201  -6.996   0.000   3.875  -3.402   7.658  -0.381  -0.275
  L14_A   7.278  -6.309  -1.257  -5.052   0.000   5.822  -2.125   7.947   0.000   6.791
  L16_A   7.278  -7.732  -2.363  -5.369   0.000   1.901  -2.067   3.967   0.000   1.447
  F17_A  14.738 -11.094  -3.894  -7.200   0.000   3.163  -3.766   6.928   0.000   6.806
  L18_A   7.278  -7.242  -2.511  -4.731   0.000   1.938  -1.751   3.689   0.000   1.973
  V19_A   6.301  77.448  80.343  -2.895   0.000   0.566  -1.862   2.428   0.000  84.314
  N20_A   5.502 -13.488  -0.861 -11.016  -1.612   1.945   0.906   1.039   0.000  -6.042
  T21_A   3.632   3.259  -2.145   6.107  -0.703  -6.485  -0.898  -5.587   0.000   0.406
  I22_A  13.073  -2.760  -1.852  -0.907   0.000  -2.285  -1.944  -0.341   0.000   8.029
  Y23_A  16.017  -9.827  -2.841  -6.986   0.000   0.202  -1.934   2.136   0.000   6.392
  F24_A  14.738  -7.718  -3.564  -4.154   0.000  -0.683   0.802  -1.485   0.000   6.337
  V25_A   6.478  -3.192  -2.191  -1.001   0.000  -1.854  -0.842  -1.013   0.000   1.431
  S26_A   1.613  -4.539  -0.502  -1.933  -2.105   0.104  -0.571   0.676   0.000  -2.822
  S27_A   1.774  -1.589  -0.362   2.858  -4.086  -3.977  -0.328  -3.650   0.000  -3.793
  N28_A   3.256  -8.789  -2.229  -6.474  -0.086  -4.687  -0.454  -4.233   0.000 -10.220
  T29_A   3.846  -0.643  -0.521   2.198  -2.320   1.198  -0.578   1.777   0.000   4.401
  E30_A   4.147   4.104  -1.574   5.679  -0.002  -1.927  -0.380  -1.547   0.000   6.323
