    Res  Intern  Tot_EL    V_EL    C_EL    H_EL Tot_ScSc  V_ScSc  C_ScSc  H_ScSc   Total
    All 182.794 -118.985 -26.102 -68.181 -24.701 -19.251 -12.125   6.428 -13.553  44.558
   S1_A   1.647  -4.043  -0.628   0.023  -3.438   0.141   1.009  -0.868   0.000  -2.254
   L2_A   7.989  -2.017  -1.203  -0.814   0.000   0.862  -0.341   1.203   0.000   6.834
   V3_A   6.478  -1.057  -1.379   0.321   0.000  -0.405  -0.772   0.367   0.000   5.016
   V4_A   6.478  -1.775  -2.007   0.232   0.000   0.426   0.349   0.077   0.000   5.129
   S5_A   1.613  -0.947  -1.135   0.288  -0.099  -3.595  -0.221  -3.375   0.000  -2.929
   L6_A   7.278  -4.519  -2.541  -1.978   0.000  -0.191  -0.796   0.605   0.000   2.568
   V7_A   6.565  18.656  19.151  -0.494   0.000  -0.441  -0.701   0.260   0.000  24.780
   L8_A   7.091  -4.540  -1.072  -3.467   0.000  -0.463  -0.457  -0.006   0.000   2.089
   S9_A   1.774  -2.257  -1.460  -0.254  -0.543  -1.527  -0.334  -0.591  -0.602  -2.011
  S10_A   1.613  -4.541  -1.127  -1.411  -2.003  -3.079  -0.512  -1.965  -0.602  -6.007
  S11_A   1.774  -1.378   0.399   2.523  -4.300  -3.404  -0.408  -2.996   0.000  -3.009
  L12_A   7.278  -5.815  -2.421  -3.394   0.000   1.720  -1.114   2.834   0.000   3.183
  Q13_A   6.735  -8.224  -3.314  -4.901  -0.009  -5.024  -1.194   3.846  -7.676  -6.513
  F14_A  12.054  -7.159  -2.915  -4.243   0.000   0.150  -2.324   2.475   0.000   5.046
  I15_A  13.073  -2.672  -2.353  -0.320   0.000  -1.443  -1.640   0.197   0.000   8.958
  I16_A   9.043  -2.923  -1.746  -1.176   0.000   0.262  -1.530   1.792   0.000   6.382
  N17_A   4.338 -12.156  -2.054  -7.135  -2.967  -5.567  -1.136   3.245  -7.676 -13.385
  V18_A   6.478  -2.256  -0.359  -1.897   0.000  -1.071  -2.186   1.115   0.000   3.151
  T19_A   3.846  -1.050  -1.681   3.583  -2.951  -4.321  -0.779  -3.541   0.000  -1.524
  S20_A   1.613  -3.300  -1.131   0.537  -2.706  -0.788  -0.333  -0.454   0.000  -2.475
  S22_A   1.613  -4.534  -1.078  -1.177  -2.278  -3.295  -0.599  -2.696   0.000  -6.216
  L23_A   7.278  -3.659  -2.163  -1.496   0.000   1.327  -0.733   2.060   0.000   4.946
  L24_A   7.278  -4.666  -2.315  -2.351   0.000   2.838  -0.555   3.393   0.000   5.450
  I25_A  13.073  -3.136  -2.205  -0.931   0.000   0.093  -1.859   1.952   0.000  10.030
  H26_A  17.749  -9.741  -3.082  -6.261  -0.398 -10.953  -2.275  -3.403  -5.275  -2.945
  S27_A   1.613  -4.212  -0.619  -0.611  -2.982  -0.841  -0.402  -0.439   0.000  -3.440
  L28_A   7.278  -7.424  -1.991  -5.433   0.000   3.668  -0.524   4.192   0.000   3.521
  R29_A  12.154 -27.638  -1.669 -25.942  -0.027  -3.581  -1.883   3.577  -5.275 -19.066
