  280   -0.27243    2.00000 C
  281   -0.03330    2.00000 H
  282   -0.68337    2.00000 H
  283    1.32098    2.00000 H
  284   -1.09915    2.00000 H
  285   -0.77971    2.00000 H
  286   -0.85311    2.00000 T
  287   -0.88817    2.00000 H
  288    0.07691    2.00000 H
  289    1.36418    2.00000 H
  290   -0.75677    2.00000 H
  291    1.62605    2.00000 H
  292    0.30761    2.00000 H
  293    1.52553    2.00000 H
  294   -0.07442    2.00000 H
  295    1.60271    2.00000 H
  296    1.18673    2.00000 H
  297    0.89904    2.00000 H
  298   -0.12309    2.00000 H
  299   -1.04408    2.00000 H
  300    0.08926    2.00000 H
  301   -0.30694    2.00000 H
  302    1.67061    2.00000 H
  303    0.38760    2.00000 H
  304    0.57425    2.00000 H
  305    0.21708    2.00000 H
  306    0.29147    2.00000 H
  307    1.73599    2.00000 H
  308    0.45658    2.00000 H
  309    0.05696    2.00000 H
  310    0.04036    2.00000 H
  311    0.00091    2.00000 H
  312   -0.96741    2.00000 T
  313   -1.11227    2.00000 C
  314   -1.04447    2.00000 T
  315   -1.36028    2.00000 T
  316   -1.28301    2.00000 T
  317   -1.14787    2.00000 C
  318   -0.42741    2.00000 T
  319   -1.64301    2.00000 3
  320   -0.97300    2.00000 3
  321   -0.32722    2.00000 3
  322   -0.44140    2.00000 T
  323   -0.13729    2.00000 H
  324   -0.15655    2.00000 H
  325    0.24824    2.00000 H
  326   -0.07031    2.00000 H
  327   -0.52644    2.00000 H
  328    0.57034    2.00000 H
  329    1.80558    2.00000 H
  330   -0.27024    2.00000 H
  331   -0.22491    2.00000 H
  332    0.18700    2.00000 H
  333    0.53780    2.00000 H
  334    0.60083    2.00000 H
  335   -0.93998    2.00000 T
  336    0.11003    2.00000 T
  337   -0.24783    2.00000 T
  338   -1.07419    2.00000 H
  339   -0.58167    2.00000 H
  340   -1.59174    2.00000 H
  341    0.94513    2.00000 H
  342   -1.10548    2.00000 H
  343   -0.77836    2.00000 H
  344   -0.68750    2.00000 H
  345   -1.60174    2.00000 H
  346   -0.76379    2.00000 H
  347   -1.05344    2.00000 H
  348   -1.30843    2.00000 T
  349   -0.50934    2.00000 T
  350   -0.53669    2.00000 T
  351   -1.90788    2.00000 C
  352   -2.00157    2.00000 C
  353   -0.52785    2.00000 T
  354   -0.08712    2.00000 C
  355   -1.09484    2.00000 H
  356   -0.09465    2.00000 H
  357    0.27767    2.00000 H
  358   -0.63337    2.00000 H
  359   -0.06090    2.00000 H
  360    1.20738    2.00000 H
  361   -0.20792    2.00000 H
  362   -0.08218    2.00000 H
  363    1.71449    2.00000 H
  364    1.04339    2.00000 H
  365   -1.72711    2.00000 H
  366    0.06239    2.00000 H
  367    0.52742    2.00000 H
  368   -0.25963    2.00000 H
  369   -0.58089    2.00000 H
  370   -0.17742    2.00000 H
  371    0.00415    2.00000 H
  372    0.63213    2.00000 H
  373   -0.43049    2.00000 H
  374   -0.52658    2.00000 H
  375    1.17876    2.00000 H
  376    1.20742    2.00000 H
  377    0.78354    2.00000 H
  378    0.47490    2.00000 H
  379    0.04333    2.00000 H
  380   -0.70506    2.00000 H
  381   -0.60355    2.00000 H
  382   -1.35286    2.00000 H
  383   -1.17033    2.00000 T
  384   -0.31192    2.00000 T
  385   -1.47367    2.00000 T
  386   -2.11526    2.00000 T
  387   -1.10641    2.00000 T
  388   -1.32917    2.00000 T
  389   -1.10023    2.00000 T
  390   -1.30936    2.00000 C
  391   -1.94781    2.00000 T
  392   -2.25861    2.00000 T
  393   -0.94699    2.00000 H
  394   -1.26415    2.00000 H
  395   -1.13844    2.00000 H
  396   -1.73923    2.00000 H
  397    0.35640    2.00000 T
  398    0.24231    2.00000 C
  399    0.09244    2.00000 T
  400   -0.08748    2.00000 T
  401   -1.41832    2.00000 H
  402   -0.29660    2.00000 H
  403    1.08240    2.00000 H
  404   -0.01955    2.00000 H
  405    0.72628    2.00000 H
  406    0.16940    2.00000 H
  407   -0.63299    2.00000 H
  408    1.46645    2.00000 H
  409   -0.51681    2.00000 H
  410   -1.07890    2.00000 H
  411    1.19552    2.00000 H
  412    1.80654    2.00000 H
  413    0.64700    2.00000 H
  414    0.97249    2.00000 H
  415    0.57471    2.00000 H
  416   -0.67846    2.00000 H
  417   -1.12142    2.00000 H
  418    0.26566    2.00000 H
  419    0.20489    2.00000 H
  420   -0.23526    2.00000 H
  421   -1.61182    2.00000 H
  422   -0.84846    2.00000 H
  423   -1.16783    2.00000 T
  424    0.03832    2.00000 T
  425   -0.50495    2.00000 T
  426   -0.14810    2.00000 T
  427   -1.31607    2.00000 C
  428   -0.56903    2.00000 C
  429   -1.10919    2.00000 C
  430   -0.19274    2.00000 T
  431    0.22267    2.00000 H
  432   -1.94648    2.00000 H
  433   -0.86767    2.00000 H
  434   -0.26689    2.00000 H
  435    2.32590    2.00000 H
  436   -0.86206    2.00000 H
  437   -0.76003    2.00000 H
  438    0.60753    2.00000 H
  439   -0.55692    2.00000 T
  440   -1.01263    2.00000 T
  441   -1.08822    2.00000 T
  442   -0.42321    2.00000 C
  443    0.04731    2.00000 C
  444   -1.44071    2.00000 C
  445   -2.24716    2.00000 C
  446   -0.90445    2.00000 C
  447   -0.80374    2.00000 C
  448   -1.34018    2.00000 C
  449   -0.49328    2.00000 T
  450   -0.42405    2.00000 T
  451   -0.61106    2.00000 H
  452   -1.98336    2.00000 H
  453    1.11826    2.00000 H
  454    0.40781    2.00000 H
  455   -0.42678    2.00000 H
  456   -0.77357    2.00000 H
  457    0.08340    2.00000 H
  458   -0.78546    2.00000 H
  459   -2.13221    2.00000 H
  460   -0.50747    2.00000 T
  461    0.03289    2.00000 H
  462    0.51071    2.00000 H
  463    0.57435    2.00000 H
  464    1.02346    2.00000 H
  465    0.92830    2.00000 H
  466    1.12078    2.00000 H
  467   -0.40461    2.00000 H
  468    0.60535    2.00000 H
  469    0.78282    2.00000 H
  470    0.49573    2.00000 H
  471    0.37354    2.00000 H
  472    1.21588    2.00000 H
  473    0.09316    2.00000 H
  474   -0.25698    2.00000 H
  475   -0.12476    2.00000 H
  476    1.22646    2.00000 H
  477   -0.66735    2.00000 H
  478   -0.64606    2.00000 T
  479   -0.61042    2.00000 T
  480   -1.73649    2.00000 T
  481   -2.35131    2.00000 T
  482   -1.84153    2.00000 C
  483   -2.52420    2.00000 C
  484   -2.91177    2.00000 C
  485   -1.74047    2.00000 C
  486   -1.22295    2.00000 H
  487   -1.01527    2.00000 H
  488   -0.49447    2.00000 H
  489    1.04965    2.00000 H
  490   -0.19261    2.00000 H
  491   -0.01289    2.00000 H
  492   -1.47704    2.00000 H
  493    0.51283    2.00000 H
  494    0.05584    2.00000 H
  495    0.64705    2.00000 H
  496   -0.09893    2.00000 H
  497    0.25377    2.00000 H
  498   -0.08513    2.00000 H
  499    1.52634    2.00000 H
  500    1.51184    2.00000 H
  501    0.32342    2.00000 H
  502   -0.04864    2.00000 H
  503    0.40225    2.00000 H
  504    0.05406    2.00000 H
  505   -0.70480    2.00000 H
  506   -0.16567    2.00000 H
  507    1.06077    2.00000 H
  508   -0.88736    2.00000 H
  509   -0.93025    2.00000 H
  510   -1.35915    2.00000 H
  511    1.77090    2.00000 H
  512   -0.18890    2.00000 H
  513   -0.95125    2.00000 H
  514   -0.41249    2.00000 H
  515    0.18724    2.00000 H
  516   -1.13597    2.00000 H
  517   -1.13303    2.00000 H
  518   -1.01477    2.00000 H
  519    0.62194    2.00000 C
  520   -1.21206    2.00000 T
  521   -0.70857    2.00000 T
  522    0.27677    2.00000 T
  523   -0.91811    2.00000 T
  524   -0.07907    2.00000 C
  525    0.00656    2.00000 H
  526   -1.17938    2.00000 H
  527    0.14218    2.00000 H
  528   -1.57456    2.00000 H
  529    0.11284    2.00000 H
  530   -0.16793    2.00000 H
  531    0.71875    2.00000 H
  532   -0.21478    2.00000 H
  533   -0.12098    2.00000 H
  534   -0.17446    2.00000 H
  535   -1.12401    2.00000 H
  536   -1.18955    2.00000 H
  537   -0.16129    2.00000 H
  538   -0.63718    2.00000 H
  539   -0.78499    2.00000 H
  540   -1.29453    2.00000 H
  541    1.44259    2.00000 H
  542   -0.51404    2.00000 T
  543   -0.87713    2.00000 3
  544   -0.99327    2.00000 3
  545   -1.65546    2.00000 3
  546   -0.58737    2.00000 3
  547   -1.91735    2.00000 3
  548   -0.65886    2.00000 3
  549   -0.33964    2.00000 C
  550   -0.13158    2.00000 H
  551   -0.72883    2.00000 H
  552   -0.40754    2.00000 H
  553    0.87692    2.00000 H
  554    0.59318    2.00000 H
  555   -0.03198    2.00000 H
  556    0.91789    2.00000 H
  557   -1.46663    2.00000 H
  558   -1.31351    2.00000 C
  559   -0.85467    2.00000 C
