    Res  Intern  Tot_EL    V_EL    C_EL    H_EL Tot_ScSc  V_ScSc  C_ScSc  H_ScSc   Total
    All 208.708 -233.484 -48.829 -160.918 -23.738  34.534 -16.063  50.614  -0.018   9.758
   P9_A  11.982  -8.769   1.178  -9.947   0.000   8.752  -0.146   8.898   0.000  11.965
  K10_A  11.727 -47.604  -3.917 -40.880  -2.807  18.326  -2.357  20.683   0.000 -17.551
  I11_A  13.073  -5.290  -3.154  -2.136   0.000   1.518  -2.176   3.694   0.000   9.300
  P12_A  11.479 -16.201  -1.495 -14.706   0.000  13.703  -0.772  14.475   0.000   8.981
  R13_A  10.734 -37.036  -3.445 -32.760  -0.831  23.491  -1.692  25.183   0.000  -2.811
  L14_A   9.252  -5.879  -2.270  -3.609   0.000   6.874  -2.308   9.182   0.000  10.246
  L15_A   7.278  -7.987  -2.309  -5.678   0.000   3.612  -1.233   4.845   0.000   2.903
  L16_A   7.278  -7.499  -2.433  -5.066   0.000   7.744  -2.635  10.380   0.000   7.524
  C18_A   1.750  -6.437  -1.856  -3.201  -1.381   1.823  -1.077   2.900   0.000  -2.864
  V19_A   6.478  -5.036  -2.168  -2.868   0.000   0.281  -1.207   1.487   0.000   1.722
  L20_A   7.091  -5.861  -1.824  -4.037   0.000   2.251  -3.434   5.685   0.000   3.481
  I21_A  13.073  -3.490  -2.770  -0.721   0.000  -0.196  -1.053   0.857   0.000   9.386
  S22_A   1.613  -4.175  -0.574  -1.082  -2.519  -0.636  -0.278  -0.358   0.000  -3.198
  F24_A  14.738  -8.307  -4.002  -4.305   0.000  -0.996  -2.244   1.248   0.000   5.435
  T25_A   3.632  -0.105   0.481   3.480  -4.066  -2.356  -0.889  -1.468   0.000   1.171
  T26_A   3.846  -1.817  -1.912   0.098  -0.003  -3.572  -0.704  -2.868   0.000  -1.543
  C27_A   1.750  -6.160  -1.703  -3.051  -1.406   0.414  -0.445   0.859   0.000  -3.996
  L28_A   7.091  -5.775  -2.465  -3.310   0.000  -0.391  -1.113   0.722   0.000   0.925
  Y29_A  14.131  -5.970  -1.714  -4.257   0.000  -1.425  -0.851  -0.573   0.000   6.736
  I30_A  13.073  -2.744  -2.356  -0.388   0.000  -1.636  -1.391  -0.245   0.000   8.693
  T31_A   3.846  -1.754  -2.206   0.453  -0.000  -5.769  -0.555  -5.214   0.000  -3.677
  L32_A   7.091  -2.545   1.208  -3.752   0.000   0.661  -1.070   1.730   0.000   5.207
  S33_A   1.774  -3.044  -0.511   1.467  -4.000  -1.968  -0.720  -1.230  -0.018  -3.238
  Q34_A  11.333 -21.034  -2.605 -11.706  -6.724   0.024  -0.975   1.017  -0.018  -9.677
  S36_A   1.613  -1.897  -1.180  -0.716  -0.000  -3.057  -0.192  -2.865   0.000  -3.341
  P37_A  11.982 -11.066  -2.826  -8.240   0.000   1.597  -0.606   2.202   0.000   2.512
