  280   -0.23870    2.00000 C
  281   -0.03330    2.00000 H
  282   -0.68201    2.00000 H
  283    1.32094    2.00000 H
  284   -1.10114    2.00000 H
  285   -0.78188    2.00000 H
  286   -1.04189    2.00000 T
  287   -0.88815    2.00000 H
  288    0.07692    2.00000 H
  289    1.36419    2.00000 H
  290   -0.75675    2.00000 H
  291    1.62601    2.00000 H
  292    0.30765    2.00000 H
  293    1.48014    2.00000 H
  294   -0.07950    2.00000 H
  295    1.60270    2.00000 H
  296    1.18168    2.00000 H
  297    0.89906    2.00000 H
  298   -0.12311    2.00000 H
  299   -1.04402    2.00000 H
  300    0.08917    2.00000 H
  301   -0.30693    2.00000 H
  302    1.67061    2.00000 H
  303    0.38755    2.00000 H
  304    0.56942    2.00000 H
  305    0.21894    2.00000 H
  306    0.28968    2.00000 H
  307    1.74244    2.00000 H
  308    0.45660    2.00000 H
  309    0.05696    2.00000 H
  310    0.04524    2.00000 H
  311    0.00091    2.00000 H
  312   -0.96740    2.00000 T
  313   -1.11229    2.00000 C
  314   -1.04448    2.00000 T
  315   -1.36023    2.00000 T
  316   -1.28680    2.00000 T
  317   -1.14796    2.00000 C
  318   -0.42742    2.00000 T
  319   -1.65296    2.00000 3
  320   -0.97300    2.00000 3
  321   -0.19797    2.00000 3
  322   -0.44148    2.00000 T
  323   -0.13947    2.00000 H
  324   -0.15655    2.00000 H
  325    0.09042    2.00000 H
  326   -0.07033    2.00000 H
  327   -0.52552    2.00000 H
  328    0.57029    2.00000 H
  329    1.79949    2.00000 H
  330   -0.27026    2.00000 H
  331   -0.22489    2.00000 H
  332    0.18694    2.00000 H
  333    0.53779    2.00000 H
  334    0.60076    2.00000 H
  335   -0.93999    2.00000 T
  336    0.11003    2.00000 T
  337   -0.24563    2.00000 T
  338   -1.07426    2.00000 H
  339   -0.58161    2.00000 H
  340   -1.59175    2.00000 H
  341    0.94513    2.00000 H
  342   -1.10676    2.00000 H
  343   -0.77986    2.00000 H
  344   -0.53180    2.00000 H
  345   -1.60580    2.00000 H
  346   -0.76741    2.00000 H
  347   -1.05343    2.00000 H
  348   -1.30842    2.00000 T
  349   -0.50932    2.00000 T
  350   -0.53669    2.00000 T
  351   -1.90782    2.00000 C
  352   -2.00154    2.00000 C
  353   -0.52780    2.00000 T
  354   -0.08704    2.00000 C
  355   -1.07636    2.00000 H
  356   -0.09465    2.00000 H
  357    0.28438    2.00000 H
  358   -0.63299    2.00000 H
  359   -0.06141    2.00000 H
  360    1.28649    2.00000 H
  361    0.18610    2.00000 H
  362   -0.08285    2.00000 H
  363    1.72390    2.00000 H
  364    1.04113    2.00000 H
  365   -1.72709    2.00000 H
  366    0.06237    2.00000 H
  367    0.52992    2.00000 H
  368   -0.26568    2.00000 H
  369   -0.58088    2.00000 H
  370   -0.17450    2.00000 H
  371    0.00412    2.00000 H
  372    0.63213    2.00000 H
  373   -0.42938    2.00000 H
  374   -0.52653    2.00000 H
  375    1.17877    2.00000 H
  376    1.20910    2.00000 H
  377    0.78444    2.00000 H
  378    0.37693    2.00000 H
  379    0.04336    2.00000 H
  380   -0.69981    2.00000 H
  381   -0.60359    2.00000 H
  382   -1.35286    2.00000 H
  383   -1.17042    2.00000 T
  384   -0.33180    2.00000 T
  385   -1.47354    2.00000 T
  386   -2.11527    2.00000 T
  387   -1.10644    2.00000 T
  388   -1.32917    2.00000 T
  389   -1.10021    2.00000 T
  390   -1.30936    2.00000 C
  391   -1.94782    2.00000 T
  392   -2.26077    2.00000 T
  393   -0.94617    2.00000 H
  394   -1.26436    2.00000 H
  395   -1.13902    2.00000 H
  396   -1.73935    2.00000 H
  397   -0.76128    2.00000 T
  398    0.24231    2.00000 C
  399    0.09238    2.00000 T
  400   -0.08762    2.00000 T
  401   -1.41833    2.00000 H
  402   -0.29657    2.00000 H
  403    1.07936    2.00000 H
  404   -0.01520    2.00000 H
  405    0.72630    2.00000 H
  406    0.16937    2.00000 H
  407   -0.63303    2.00000 H
  408    0.99993    2.00000 H
  409   -0.51659    2.00000 H
  410   -1.07923    2.00000 H
  411    1.19552    2.00000 H
  412    1.80653    2.00000 H
  413    0.63759    2.00000 H
  414    0.97254    2.00000 H
  415    0.56073    2.00000 H
  416   -0.67846    2.00000 H
  417   -1.11947    2.00000 H
  418    0.09991    2.00000 H
  419    0.19426    2.00000 H
  420   -0.23316    2.00000 H
  421   -1.61289    2.00000 H
  422   -0.84848    2.00000 H
  423   -1.16783    2.00000 T
  424    0.03832    2.00000 T
  425   -0.50310    2.00000 T
  426   -0.14812    2.00000 T
  427   -1.31616    2.00000 C
  428   -0.56714    2.00000 C
  429   -1.10916    2.00000 C
  430   -0.19277    2.00000 T
  431    0.22267    2.00000 H
  432   -1.94647    2.00000 H
  433   -0.86764    2.00000 H
  434   -0.26450    2.00000 H
  435    2.33597    2.00000 H
  436   -0.86206    2.00000 H
  437   -0.76005    2.00000 H
  438    0.64152    2.00000 H
  439   -0.55692    2.00000 T
  440   -1.00142    2.00000 T
  441   -1.08823    2.00000 T
  442   -0.42322    2.00000 C
  443    0.04730    2.00000 C
  444   -1.44076    2.00000 C
  445   -2.24717    2.00000 C
  446   -0.90441    2.00000 C
  447   -0.80373    2.00000 C
  448   -1.34011    2.00000 C
  449   -0.49326    2.00000 T
  450   -0.42767    2.00000 T
  451   -0.61105    2.00000 H
  452   -1.98332    2.00000 H
  453    1.11228    2.00000 H
  454    0.42781    2.00000 H
  455   -0.42675    2.00000 H
  456   -0.77730    2.00000 H
  457    0.08277    2.00000 H
  458   -0.78694    2.00000 H
  459   -2.13170    2.00000 H
  460   -0.50831    2.00000 T
  461    0.03286    2.00000 H
  462    0.51070    2.00000 H
  463    0.74889    2.00000 H
  464    1.01601    2.00000 H
  465    0.89678    2.00000 H
  466    1.11855    2.00000 H
  467   -0.40305    2.00000 H
  468    0.60531    2.00000 H
  469    0.79009    2.00000 H
  470    0.50122    2.00000 H
  471    0.37350    2.00000 H
  472    1.21590    2.00000 H
  473    0.09298    2.00000 H
  474   -0.25683    2.00000 H
  475   -0.13128    2.00000 H
  476    1.22642    2.00000 H
  477   -0.66737    2.00000 H
  478   -0.64609    2.00000 T
  479   -0.59404    2.00000 T
  480   -1.18226    2.00000 T
  481   -2.35415    2.00000 T
  482   -1.84151    2.00000 C
  483   -2.52420    2.00000 C
  484   -2.91178    2.00000 C
  485   -1.74046    2.00000 C
  486   -1.22293    2.00000 H
  487   -1.01530    2.00000 H
  488   -0.49446    2.00000 H
  489    1.05202    2.00000 H
  490   -0.19260    2.00000 H
  491   -0.01290    2.00000 H
  492   -1.47704    2.00000 H
  493    0.51288    2.00000 H
  494    0.05574    2.00000 H
  495    0.64705    2.00000 H
  496   -0.10679    2.00000 H
  497    0.25795    2.00000 H
  498   -0.08438    2.00000 H
  499    1.51284    2.00000 H
  500    1.51185    2.00000 H
  501    0.32342    2.00000 H
  502   -0.04839    2.00000 H
  503    0.40890    2.00000 H
  504    0.05404    2.00000 H
  505   -0.70480    2.00000 H
  506   -0.16524    2.00000 H
  507    1.06625    2.00000 H
  508   -0.88736    2.00000 H
  509   -0.91734    2.00000 H
  510   -1.35917    2.00000 H
  511    1.77089    2.00000 H
  512   -0.17228    2.00000 H
  513   -0.95432    2.00000 H
  514    0.11713    2.00000 H
  515   -0.14968    2.00000 H
  516   -1.13985    2.00000 H
  517   -1.13304    2.00000 H
  518   -1.01477    2.00000 H
  519    0.62194    2.00000 C
  520   -1.21205    2.00000 T
  521   -0.70875    2.00000 T
  522    0.27666    2.00000 T
  523   -0.91804    2.00000 T
  524   -0.07909    2.00000 C
  525   -0.70776    2.00000 H
  526   -1.17937    2.00000 H
  527    0.14126    2.00000 H
  528   -1.57464    2.00000 H
  529    0.11394    2.00000 H
  530   -0.16793    2.00000 H
  531    0.71875    2.00000 H
  532   -0.21785    2.00000 H
  533   -0.12131    2.00000 H
  534   -0.17448    2.00000 H
  535   -1.12598    2.00000 H
  536   -1.18952    2.00000 H
  537   -0.16128    2.00000 H
  538   -0.64205    2.00000 H
  539   -0.78499    2.00000 H
  540   -1.29453    2.00000 H
  541    1.44262    2.00000 H
  542   -0.50786    2.00000 T
  543   -0.87714    2.00000 3
  544   -0.99326    2.00000 3
  545   -1.65548    2.00000 3
  546   -0.58741    2.00000 3
  547   -1.91720    2.00000 3
  548    0.24232    2.00000 3
  549   -0.34587    2.00000 C
  550   -0.13158    2.00000 H
  551    0.76877    2.00000 H
  552   -0.40748    2.00000 H
  553    0.87693    2.00000 H
  554    0.59319    2.00000 H
  555   -0.03200    2.00000 H
  556    0.91788    2.00000 H
  557   -1.46664    2.00000 H
  558   -1.31356    2.00000 C
  559   -0.85465    2.00000 C
