    Res  Intern  Tot_EL    V_EL    C_EL    H_EL Tot_ScSc  V_ScSc  C_ScSc  H_ScSc   Total
    All 198.687 -168.735 -25.617 -128.408 -14.711  36.737 -13.602  50.339  -0.000  66.689
   K1_A   8.292 -26.555  -1.704 -24.730  -0.121  19.546  -0.762  20.308   0.000   1.283
   L2_A   7.091  -3.290  -0.792  -2.498   0.000   3.392  -1.536   4.928   0.000   7.193
   M3_A   5.372  -5.033  -0.268  -3.681  -1.084   2.768  -1.061   3.829   0.000   3.107
   V4_A   6.478  -2.622  -1.720  -0.902   0.000   2.406  -1.161   3.568   0.000   6.262
   Y5_A  13.033  -6.798  -2.700  -4.098   0.000   8.265  -3.345  11.610   0.000  14.500
   F6_A  11.917  -9.656  -1.568  -8.089   0.000   1.983  -3.635   5.618   0.000   4.243
   L7_A   7.091  -8.054  -1.745  -6.309   0.000   4.262  -1.524   5.786   0.000   3.299
   I8_A  14.109  -4.334   0.157  -4.492   0.000   1.438  -1.880   3.317   0.000  11.212
   L9_A   7.091 -10.196  -2.733  -7.463   0.000   2.150  -3.177   5.327   0.000  -0.955
  Y10_A  16.017 -11.107  -4.115  -6.992   0.000   2.425  -2.664   5.089   0.000   7.335
  I11_A   8.995  -3.666  -0.839  -2.828   0.000   4.226   2.012   2.214   0.000   9.554
  P12_A  11.479 -12.881   1.837 -14.718   0.000   9.854   2.898   6.955   0.000   8.452
  Y13_A  14.346  -6.773  -3.569  -3.203   0.000   0.794  -1.422   2.217  -0.000   8.368
  S14_A   1.774  -2.677  -0.059   1.374  -3.992  -1.835  -0.643  -1.192   0.000  -2.738
  V15_A   6.478  -3.180  -0.272  -2.909   0.000   0.259  -1.249   1.508   0.000   3.557
  T17_A   3.846  -1.455  -1.795   3.867  -3.527  -2.923  -1.586  -1.336  -0.000  -0.532
  L18_A   7.091  -5.735  -0.915  -4.820   0.000   0.958  -1.546   2.503   0.000   2.314
  V19_A   6.478   4.245   7.849  -3.604   0.000   0.809  -1.181   1.989   0.000  11.532
  Q20_A   7.607 -18.162  -3.237  -8.939  -5.987   3.431  -0.657   4.087   0.000  -7.124
  Y21_A  14.131  -6.311  -2.246  -4.065   0.000   1.642  -0.945   2.587   0.000   9.462
  L22_A   7.989  -9.420  -2.975  -6.444   0.000   2.030  -1.432   3.463   0.000   0.600
  P23_A  11.982 -15.076  -2.209 -12.868   0.000   5.598  -0.708   6.306   0.000   2.504
