    Res  Intern  Tot_EL    V_EL    C_EL    H_EL Tot_ScSc  V_ScSc  C_ScSc  H_ScSc   Total
    All  54.816 -49.445   3.255 -42.826  -9.875   0.991  -0.542   1.533   0.000   6.362
   P9_A  11.982  -7.604   4.472 -12.077   0.000   2.541  -0.150   2.690   0.000   6.918
  P12_A  11.479  -6.976   2.768  -9.744   0.000   2.541  -0.150   2.690   0.000   7.044
  S22_A   1.613  -4.608  -1.067  -1.321  -2.221  -0.213  -0.081  -0.133   0.000  -3.209
  T25_A   7.270  -7.390  -0.447  -1.939  -5.005   0.272  -0.141   0.413   0.000   0.151
  T26_A   3.632  -3.713  -0.508  -2.562  -0.643  -1.343  -0.135  -1.208   0.000  -1.423
  T31_A   3.632  -4.969  -0.792  -3.524  -0.653  -1.230  -0.004  -1.226   0.000  -2.567
  S33_A   1.613  -4.788  -0.885  -3.903  -0.000   0.010  -0.047   0.057   0.000  -3.165
  S36_A   1.613  -2.889  -1.104  -0.431  -1.353  -1.039  -0.180  -0.858   0.000  -2.314
  P37_A  11.982  -6.508   0.818  -7.326   0.000   0.443  -0.197   0.640   0.000   5.917
