TM1 theta 0.00 15.00 9.13 -5.06 -15.00 -5.06 9.13
TM1 phi 0.00 0.00 18.37 25.67 -0.00 -25.67 -18.37
TM1 eta -30 -15 0 15 30
TM2 theta 0.00 15.00 9.58 -4.10 -15.00 -4.10 9.58
TM2 phi 0.00 0.00 21.29 32.79 0.00 -32.79 -21.29
TM2 eta -30 -15 0 15 30
TM3 theta 0.00 15.00 9.56 -4.14 -15.00 -4.14 9.56
TM3 phi 0.00 0.00 21.18 32.50 0.00 -32.50 -21.18
TM3 eta -30 -15 0 15 30
TM4 theta 0.00 15.00 12.35 5.59 0.26 5.59 12.35
TM4 phi 0.00 0.00 41.62 91.13 180.00 -91.13 -41.62
TM4 eta -30 -15 0 15 30
TM5 theta 0.00 15.00 10.79 -0.53 -15.00 -0.53 10.79
TM5 phi 0.00 0.00 30.03 58.23 -0.00 -58.23 -30.03
TM5 eta -30 -15 0 15 30
TM6 theta 0.00 15.00 11.18 0.88 -11.40 0.88 11.18
TM6 phi 0.00 0.00 32.89 67.12 180.00 -67.12 -32.89
TM6 eta -30 -15 0 15 30
TM7 theta 0.00 15.00 10.86 -0.28 -15.00 -0.28 10.86
TM7 phi 0.00 0.00 30.56 59.91 -0.00 -59.91 -30.56
TM7 eta -30 -15 0 15 30
