    Res  Intern  Tot_EL    V_EL    C_EL    H_EL Tot_ScSc  V_ScSc  C_ScSc  H_ScSc   Total
    All 240.192 -143.280  26.178 -156.136 -13.322  23.698 -22.208  46.018  -0.113 120.610
   M1_A   6.629  -2.457   0.138  -0.490  -2.105   0.796  -1.409   2.206   0.000   4.968
   L2_A   7.091  -3.552  -0.942  -2.610   0.000   3.367  -1.180   4.547   0.000   6.906
   R3_A   8.514 -25.648  -0.983 -23.952  -0.713  14.502  -2.785  17.287   0.000  -2.632
   L4_A   7.278   1.329   2.968  -1.639   0.000   2.307  -1.351   3.659   0.000  10.914
   F5_A  11.917  -8.694  -3.480  -5.215   0.000   2.871  -1.047   3.918   0.000   6.094
   Y6_A  14.131  -4.216  -2.359  -1.857   0.000   2.931  -2.185   5.116   0.000  12.846
   F7_A  12.054  -6.270  -2.410  -3.860   0.000   3.380  -2.765   6.145   0.000   9.164
   S8_A   1.613  -3.173  -0.464  -2.707  -0.002  -3.756  -0.542  -3.214   0.000  -5.316
  I10_A   8.995  -2.261  -0.107  -2.154   0.000   1.052  -1.608   2.660   0.000   7.786
  I11_A  14.109  -3.057  -1.333  -1.724   0.000  -0.996  -2.449   1.452   0.000  10.056
  S13_A   1.613  -3.691  -1.178  -2.513  -0.000  -0.114  -0.199   0.086   0.000  -2.191
  V14_A   6.478  19.040  21.630  -2.590   0.000  -0.346  -1.519   1.173   0.000  25.172
  I15_A   8.995  -3.222  -1.359  -1.864   0.000  -0.761  -1.554   0.793   0.000   5.011
  L16_A   7.278  -5.114  -2.330  -2.783   0.000   1.907  -0.381   2.287   0.000   4.071
  N17_A   5.502 -13.176  -1.124 -10.496  -1.556   4.287  -0.743   5.030   0.000  -3.387
  F18_A  14.738  -9.776  -3.313  -6.463   0.000   1.718  -2.469   4.187   0.000   6.681
  V19_A   6.478  -3.173  -1.941  -1.231   0.000  -0.096  -1.763   1.667   0.000   3.209
  I21_A  13.073  -3.239  -1.206  -2.033   0.000   1.135  -1.336   2.470   0.000  10.969
  I22_A   8.995  -2.286   1.686  -3.972   0.000  -1.369  -2.538   1.169   0.000   5.340
  M23_A   4.335  -6.323  -1.141  -5.182   0.000   0.755  -2.038   2.793   0.000  -1.233
  N24_A   5.502 -13.332  -1.425 -10.452  -1.455   1.688  -0.560   2.360  -0.113  -6.142
  L25_A   7.278  -6.316  -1.930  -4.386   0.000   0.796  -2.580   3.376   0.000   1.758
  F26_A  14.738 -10.233  -4.114  -6.119   0.000   0.995  -2.901   3.896   0.000   5.500
  I27_A   8.995  -3.483  -1.057  -2.426   0.000   0.381  -1.479   1.860   0.000   5.893
  T28_A   3.846   1.239  -1.673   2.914  -0.002  -6.679  -0.997  -5.569  -0.113  -1.594
  V29_A   6.478  -1.497   1.485  -2.982   0.000  -0.005  -1.454   1.449   0.000   4.975
  V30_A   6.478  34.372  38.232  -3.860   0.000   2.210  -0.630   2.840   0.000  43.060
  N31_A   4.338 -13.738  -1.578  -8.833  -3.326   4.735  -0.734   5.469   0.000  -4.664
  C32_A   1.750  -9.384  -1.205  -4.649  -3.530   3.848  -0.757   4.605   0.000  -3.786
  K33_A  10.973 -31.952  -1.310 -30.009  -0.633   5.858  -0.463   6.321   0.000 -15.122
