    Res  Intern  Tot_EL    V_EL    C_EL    H_EL Tot_ScSc  V_ScSc  C_ScSc  H_ScSc   Total
    All 171.253 -89.128 -29.897 -48.941 -10.291  -9.278 -11.143   1.865   0.000  72.846
   S1_A   1.774  -4.196   0.112  -1.592  -2.716  -2.291  -0.447  -1.843   0.000  -4.712
   I2_A   8.469  -1.109  -0.349  -0.760   0.000  -1.720  -1.305  -0.415   0.000   5.640
   C3_A   1.750  -0.754  -1.036   0.297  -0.015  -0.077  -0.507   0.430   0.000   0.919
   L4_A   7.278  -1.672  -2.142   0.471   0.000  -0.294  -0.784   0.490   0.000   5.312
   I5_A   8.995   0.218   0.656  -0.438   0.000  -0.763  -1.366   0.602   0.000   8.450
   F6_A  14.738  -7.232  -3.694  -3.537   0.000  -2.668  -2.868   0.200   0.000   4.838
   T8_A   3.632  -0.532  -1.184   0.766  -0.114  -5.051  -1.046  -4.005   0.000  -1.951
   L9_A   7.091  -7.971  -3.037  -4.934   0.000   0.593  -1.424   2.017   0.000  -0.287
  Y10_A  16.017  -9.317  -3.952  -5.365   0.000  -2.141  -2.541   0.400   0.000   4.559
  S11_A   1.613  -4.029  -1.001  -0.576  -2.451  -0.143  -0.173   0.030   0.000  -2.558
  P12_A  11.479 -10.337  -0.620  -9.718   0.000   3.080  -0.461   3.541   0.000   4.222
  H14_A  17.681  -8.243  -3.437  -4.799  -0.007  -3.073  -1.368  -1.705   0.000   6.365
  S15_A   1.613  -4.236  -1.102  -3.132  -0.002  -1.368  -0.314  -1.054   0.000  -3.991
  V16_A   6.478  -3.143  -1.397  -1.746   0.000   0.140  -1.098   1.238   0.000   3.475
  L17_A   7.091  -4.921  -0.720  -4.200   0.000   0.135  -1.243   1.378   0.000   2.305
  I18_A   8.995  -1.642   0.459  -2.101   0.000   0.227  -1.122   1.349   0.000   7.580
  I19_A  13.073  -3.962  -1.761  -2.202   0.000   0.977  -0.709   1.686   0.000  10.087
  I20_A  10.958  -4.919  -3.157  -1.762   0.000  -1.479  -1.881   0.402   0.000   4.560
  T21_A   3.632  -1.163  -0.971   4.788  -4.981  -2.032  -1.057  -0.975   0.000   0.437
  H22_A  18.896  -9.970  -1.564  -8.401  -0.005  -0.610  -0.571  -0.039   0.000   8.316
