VECS
   P   1.28890  -0.10000  -2.41665
   L   1.17780  -0.08890  -2.41665
   L   1.06665  -0.05555  -2.41665
   L   0.95555   0.00000  -2.41665
   L   0.84445   0.11110  -2.41665
   L   0.64445   0.40000  -2.41665
   P   1.28890  -0.10000  -1.90555
   L   1.06665  -0.08000  -1.90555
   L   0.87110   0.02665  -1.90555
   L   0.77335   0.13335  -1.90555
   L   0.71110   0.23780  -1.90555
   L   0.64445   0.40000  -1.90555
   P   1.28890  -0.10000  -1.46110
   L   1.06665  -0.08000  -1.46110
   L   0.84445   0.00000  -1.46110
   L   0.73335   0.11110  -1.46110
   L   0.67780   0.22220  -1.46110
   L   0.64445   0.40000  -1.46110
   P   1.28890  -0.10000  -1.01665
   L   1.06665  -0.08000  -1.01665
   L   0.84445   0.00000  -1.01665
   L   0.73335   0.11110  -1.01665
   L   0.67780   0.22220  -1.01665
   L   0.64445   0.40000  -1.01665
   P   1.28890  -0.10000  -0.57220
   L   1.06665  -0.08000  -0.57220
   L   0.84445   0.00000  -0.57220
   L   0.73335   0.11110  -0.57220
   L   0.67780   0.22220  -0.57220
   L   0.64445   0.40000  -0.57220
   P   1.28890  -0.10000  -0.12780
   L   1.06665  -0.08000  -0.12780
   L   0.84445   0.00000  -0.12780
   L   0.73335   0.11110  -0.12780
   L   0.67780   0.22220  -0.12780
   L   0.64445   0.40000  -0.12780
   P   1.28890  -0.10000   0.31665
   L   1.06665  -0.08000   0.31665
   L   0.84445   0.00000   0.31665
   L   0.73335   0.11110   0.31665
   L   0.67780   0.22220   0.31665
   L   0.64445   0.40000   0.31665
   P   1.28890  -0.10000   0.76110
   L   1.06665  -0.08000   0.76110
   L   0.84445   0.00000   0.76110
   L   0.73335   0.11110   0.76110
   L   0.67780   0.22220   0.76110
   L   0.64445   0.40000   0.76110
   P   1.28890  -0.10000   1.20555
   L   1.06665  -0.08000   1.20555
   L   0.84445   0.00000   1.20555
   L   0.73335   0.11110   1.20555
   L   0.67780   0.22220   1.20555
   L   0.64445   0.40000   1.20555
   P   1.28890  -0.10000   1.65000
   L   1.06665  -0.08000   1.65000
   L   0.84445   0.00000   1.65000
   L   0.73335   0.11110   1.65000
   L   0.67780   0.22220   1.65000
   L   0.64445   0.40000   1.65000
   P   1.28890  -0.10000   2.09445
   L   1.06665  -0.08000   2.09445
   L   0.84445   0.00000   2.09445
   L   0.73335   0.11110   2.09445
   L   0.67780   0.22220   2.09445
   L   0.64445   0.40000   2.09445
   P   0.67780   0.22220   2.09445
   L   0.67780   0.22220  -1.46110
   L   0.71110   0.23780  -1.90555
   L   0.74445   0.25555  -2.41665
   P   0.81335   0.15555  -2.41665
   L   0.77335   0.13335  -1.90555
   L   0.73335   0.11110  -1.46110
   L   0.73335   0.11110   2.09445
   P   0.84445   0.00000   2.09445
   L   0.84445   0.00000  -1.46110
   L   0.87110   0.02665  -1.90555
   L   0.90000   0.05555  -2.41665
   P   1.06665  -0.05555  -2.41665
   L   1.06665  -0.08000  -1.90555
   L   1.06665  -0.08000  -1.46110
   L   1.06665  -0.08000   2.09445
   P   1.28890  -0.10000   2.09445
   L   1.28890  -0.10000  -2.41665
   P   0.64445   0.40000   0.53890
   P  -1.28890  -0.10000  -2.41665
   L  -1.17780  -0.08890  -2.41665
   L  -1.06665  -0.05555  -2.41665
   L  -0.95555   0.00000  -2.41665
   L  -0.84445   0.11110  -2.41665
   L  -0.64445   0.40000  -2.41665
   P  -1.28890  -0.10000  -1.90555
   L  -1.06665  -0.08000  -1.90555
   L  -0.87110   0.02665  -1.90555
   L  -0.77335   0.13335  -1.90555
   L  -0.71110   0.23780  -1.90555
   L  -0.64445   0.40000  -1.90555
   P  -1.28890  -0.10000  -1.46110
   L  -1.06665  -0.08000  -1.46110
   L  -0.84445   0.00000  -1.46110
   L  -0.73335   0.11110  -1.46110
   L  -0.67780   0.22220  -1.46110
   L  -0.64445   0.40000  -1.46110
   P  -1.28890  -0.10000  -1.01665
   L  -1.06665  -0.08000  -1.01665
   L  -0.84445   0.00000  -1.01665
   L  -0.73335   0.11110  -1.01665
   L  -0.67780   0.22220  -1.01665
   L  -0.64445   0.40000  -1.01665
   P  -1.28890  -0.10000  -0.57220
   L  -1.06665  -0.08000  -0.57220
   L  -0.84445   0.00000  -0.57220
   L  -0.73335   0.11110  -0.57220
   L  -0.67780   0.22220  -0.57220
   L  -0.64445   0.40000  -0.57220
   P  -1.28890  -0.10000  -0.12780
   L  -1.06665  -0.08000  -0.12780
   L  -0.84445   0.00000  -0.12780
   L  -0.73335   0.11110  -0.12780
   L  -0.67780   0.22220  -0.12780
   L  -0.64445   0.40000  -0.12780
   P  -1.28890  -0.10000   0.31665
   L  -1.06665  -0.08000   0.31665
   L  -0.84445   0.00000   0.31665
   L  -0.73335   0.11110   0.31665
   L  -0.67780   0.22220   0.31665
   L  -0.64445   0.40000   0.31665
   P  -1.28890  -0.10000   0.76110
   L  -1.06665  -0.08000   0.76110
   L  -0.84445   0.00000   0.76110
   L  -0.73335   0.11110   0.76110
   L  -0.67780   0.22220   0.76110
   L  -0.64445   0.40000   0.76110
   P  -1.28890  -0.10000   1.20555
   L  -1.06665  -0.08000   1.20555
   L  -0.84445   0.00000   1.20555
   L  -0.73335   0.11110   1.20555
   L  -0.67780   0.22220   1.20555
   L  -0.64445   0.40000   1.20555
   P  -1.28890  -0.10000   1.65000
   L  -1.06665  -0.08000   1.65000
   L  -0.84445   0.00000   1.65000
   L  -0.73335   0.11110   1.65000
   L  -0.67780   0.22220   1.65000
   L  -0.64445   0.40000   1.65000
   P  -1.28890  -0.10000   2.09445
   L  -1.06665  -0.08000   2.09445
   L  -0.84445   0.00000   2.09445
   L  -0.73335   0.11110   2.09445
   L  -0.67780   0.22220   2.09445
   L  -0.64445   0.40000   2.09445
   P  -0.67780   0.22220   2.09445
   L  -0.67780   0.22220  -1.46110
   L  -0.71110   0.23780  -1.90555
   L  -0.74445   0.25555  -2.41665
   P  -0.81335   0.15555  -2.41665
   L  -0.77335   0.13335  -1.90555
   L  -0.73335   0.11110  -1.46110
   L  -0.73335   0.11110   2.09445
   P  -0.84445   0.00000   2.09445
   L  -0.84445   0.00000  -1.46110
   L  -0.87110   0.02665  -1.90555
   L  -0.90000   0.05555  -2.41665
   P  -1.06665  -0.05555  -2.41665
   L  -1.06665  -0.08000  -1.90555
   L  -1.06665  -0.08000  -1.46110
   L  -1.06665  -0.08000   2.09445
   P  -1.28890  -0.10000   2.09445
   L  -1.28890  -0.10000  -2.41665
   P   0.00000   0.77780   0.53890
   P   0.00000  -0.24445  -4.49445
   L   0.03335  -0.23335  -4.49445
   L   0.05555  -0.21110  -4.49445
   L   0.06665  -0.17780  -4.49445
   L   0.05555  -0.14445  -4.49445
   L   0.03335  -0.12220  -4.49445
   L   0.00000  -0.11110  -4.49445
   L  -0.03335  -0.12220  -4.49445
   L  -0.05555  -0.14445  -4.49445
   L  -0.06665  -0.17780  -4.49445
   L  -0.05555  -0.21110  -4.49445
   L  -0.03335  -0.23335  -4.49445
   L   0.00000  -0.24445  -4.49445
   L   0.00000  -0.34445  -4.30555
   L   0.10665  -0.32890  -4.30555
   L   0.19110  -0.27780  -4.30555
   L   0.21780  -0.22445  -4.30555
   L   0.21780  -0.12665  -4.30555
   L   0.17780  -0.02220  -4.30555
   L   0.10665   0.04445  -4.30555
   L   0.00000   0.06665  -4.30555
   L  -0.10665   0.04445  -4.30555
   L  -0.17780  -0.02220  -4.30555
   L  -0.21780  -0.12665  -4.30555
   L  -0.21780  -0.22445  -4.30555
   L  -0.19110  -0.27780  -4.30555
   L  -0.10665  -0.32890  -4.30555
   L   0.00000  -0.34445  -4.30555
   L   0.00000  -0.44445  -3.90555
   L   0.18220  -0.41555  -3.90555
   L   0.34000  -0.33335  -3.90555
   L   0.38220  -0.24665  -3.90555
   L   0.38445  -0.05555  -3.90555
   L   0.33555   0.13335  -3.90555
   L   0.19335   0.25780  -3.90555
   L   0.00000   0.29780  -3.90555
   L  -0.19335   0.25780  -3.90555
   L  -0.33555   0.13335  -3.90555
   L  -0.38445  -0.05555  -3.90555
   L  -0.38220  -0.24665  -3.90555
   L  -0.34000  -0.33335  -3.90555
   L  -0.18220  -0.41555  -3.90555
   L   0.00000  -0.44445  -3.90555
   L   0.00000  -0.47555  -3.46110
   L   0.25110  -0.44445  -3.46110
   L   0.48220  -0.35110  -3.46110
   L   0.52000  -0.26000  -3.46110
   L   0.52000   0.00000  -3.46110
   L   0.46220   0.26665  -3.46110
   L   0.26000   0.44000  -3.46110
   L   0.00000   0.49780  -3.46110
   L  -0.26000   0.44000  -3.46110
   L  -0.46220   0.26665  -3.46110
   L  -0.52000   0.00000  -3.46110
   L  -0.52000  -0.26000  -3.46110
   L  -0.48220  -0.35110  -3.46110
   L  -0.25110  -0.44445  -3.46110
   L   0.00000  -0.47555  -3.46110
   L   0.00000  -0.48890  -3.01665
   L   0.28445  -0.46665  -3.01665
   L   0.55110  -0.37110  -3.01665
   L   0.59555  -0.31335  -3.01665
   L   0.60220  -0.27110  -3.01665
   L   0.60220   0.04000  -3.01665
   L   0.56445   0.34000  -3.01665
   L   0.46665   0.44445  -3.01665
   L   0.33335   0.68890  -2.95000
   L   0.26665   0.77780  -2.92780
   P  -0.26665   0.77780  -2.92780
   L  -0.33335   0.68890  -2.95000
   L  -0.46665   0.44445  -3.01665
   L  -0.56445   0.34000  -3.01665
   L  -0.60220   0.04000  -3.01665
   L  -0.60220  -0.27110  -3.01665
   L  -0.59555  -0.31335  -3.01665
   L  -0.55110  -0.37110  -3.01665
   L  -0.28445  -0.46665  -3.01665
   L   0.00000  -0.48890  -3.01665
   L   0.00000  -0.50000  -2.57220
   L   0.31110  -0.47780  -2.57220
   L   0.57555  -0.37780  -2.57220
   L   0.66665  -0.33335  -2.57220
   L   0.68890  -0.28890  -2.57220
   L   0.66665  -0.24445  -2.57220
   L   0.64445  -0.22220  -2.57220
   L   0.63335   0.37780  -2.57220
   L   0.39780   0.68890  -2.57220
   L   0.32445   0.77780  -2.57220
   P  -0.32445   0.77780  -2.57220
   L  -0.39780   0.68890  -2.57220
   L  -0.63335   0.37780  -2.57220
   L  -0.64445  -0.22220  -2.57220
   L  -0.66665  -0.24445  -2.57220
   L  -0.68890  -0.28890  -2.57220
   L  -0.66665  -0.33335  -2.57220
   L  -0.57555  -0.37780  -2.57220
   L  -0.31110  -0.47780  -2.57220
   L   0.00000  -0.50000  -2.57220
   L   0.00000  -0.51110  -2.12780
   L   0.33335  -0.48890  -2.12780
   L   0.58890  -0.40000  -2.12780
   L   0.74000  -0.34445  -2.12780
   L   0.77335  -0.28890  -2.12780
   L   0.74000  -0.23335  -2.12780
   L   0.64445  -0.19110  -2.12780
   L   0.64445   0.37780  -2.12780
   L   0.57780   0.37780  -2.12780
   L   0.53335   0.06665  -2.12780
   L   0.33335  -0.13335  -2.12780
   L   0.00000  -0.20000  -2.12780
   L  -0.33335  -0.13335  -2.12780
   L  -0.53335   0.06665  -2.12780
   L  -0.57780   0.37780  -2.12780
   L  -0.64445   0.37780  -2.12780
   L  -0.64445  -0.19110  -2.12780
   L  -0.74000  -0.23335  -2.12780
   L  -0.77335  -0.28890  -2.12780
   L  -0.74000  -0.34445  -2.12780
   L  -0.58890  -0.40000  -2.12780
   L  -0.33335  -0.48890  -2.12780
   L   0.00000  -0.51110  -2.12780
   L   0.00000  -0.52220  -1.68335
   L   0.33335  -0.50000  -1.68335
   L   0.60220  -0.42220  -1.68335
   L   0.81780  -0.35555  -1.68335
   L   0.85555  -0.28890  -1.68335
   L   0.81780  -0.22220  -1.68335
   L   0.64445  -0.16000  -1.68335
   L   0.64445   0.37780  -1.68335
   L   0.57780   0.37780  -1.68335
   L   0.53335   0.06665  -1.68335
   L   0.33335  -0.13335  -1.68335
   L   0.00000  -0.20000  -1.68335
   L  -0.33335  -0.13335  -1.68335
   L  -0.53335   0.06665  -1.68335
   L  -0.57780   0.37780  -1.68335
   L  -0.64445   0.37780  -1.68335
   L  -0.64445  -0.16000  -1.68335
   L  -0.81780  -0.22220  -1.68335
   L  -0.85555  -0.28890  -1.68335
   L  -0.81780  -0.35555  -1.68335
   L  -0.60220  -0.42220  -1.68335
   L  -0.33335  -0.50000  -1.68335
   L   0.00000  -0.52220  -1.68335
   L   0.00000  -0.53335  -1.23890
   L   0.33335  -0.51110  -1.23890
   L   0.61555  -0.44890  -1.23890
   L   0.88890  -0.36665  -1.23890
   L   0.93335  -0.28890  -1.23890
   L   0.88890  -0.21110  -1.23890
   L   0.64445  -0.12890  -1.23890
   L   0.64445   0.37780  -1.23890
   L   0.57780   0.37780  -1.23890
   L   0.53335   0.06665  -1.23890
   L   0.33335  -0.13335  -1.23890
   L   0.00000  -0.20000  -1.23890
   L  -0.33335  -0.13335  -1.23890
   L  -0.53335   0.06665  -1.23890
   L  -0.57780   0.37780  -1.23890
   L  -0.64445   0.37780  -1.23890
   L  -0.64445  -0.12890  -1.23890
   L  -0.88890  -0.21110  -1.23890
   L  -0.93335  -0.28890  -1.23890
   L  -0.88890  -0.36665  -1.23890
   L  -0.61555  -0.44890  -1.23890
   L  -0.33335  -0.51110  -1.23890
   L   0.00000  -0.53335  -1.23890
   L   0.00000  -0.54445  -0.79445
   L   0.33335  -0.52220  -0.79445
   L   0.62890  -0.48220  -0.79445
   L   0.96000  -0.37780  -0.79445
   L   1.01555  -0.28890  -0.79445
   L   0.96000  -0.20000  -0.79445
   L   0.64445  -0.09780  -0.79445
   L   0.64445   0.37780  -0.79445
   L   0.57780   0.37780  -0.79445
   L   0.53335   0.06665  -0.79445
   L   0.33335  -0.13335  -0.79445
   L   0.00000  -0.20000  -0.79445
   L  -0.33335  -0.13335  -0.79445
   L  -0.53335   0.06665  -0.79445
   L  -0.57780   0.37780  -0.79445
   L  -0.64445   0.37780  -0.79445
   L  -0.64445  -0.09780  -0.79445
   L  -0.96000  -0.20000  -0.79445
   L  -1.01555  -0.28890  -0.79445
   L  -0.96000  -0.37780  -0.79445
   L  -0.62890  -0.48220  -0.79445
   L  -0.33335  -0.52220  -0.79445
   L   0.00000  -0.54445  -0.79445
   L   0.00000  -0.55555  -0.35000
   L   0.33335  -0.53335  -0.35000
   L   0.64445  -0.51110  -0.35000
   L   1.03780  -0.38890  -0.35000
   L   1.09555  -0.28890  -0.35000
   L   1.03780  -0.18890  -0.35000
   L   0.64445  -0.06665  -0.35000
   L   0.64445   0.37780  -0.35000
   L   0.57780   0.37780  -0.35000
   L   0.53335   0.06665  -0.35000
   L   0.33335  -0.13335  -0.35000
   L   0.00000  -0.20000  -0.35000
   L  -0.33335  -0.13335  -0.35000
   L  -0.53335   0.06665  -0.35000
   L  -0.57780   0.37780  -0.35000
   L  -0.64445   0.37780  -0.35000
   L  -0.64445  -0.06665  -0.35000
   L  -1.03780  -0.18890  -0.35000
   L  -1.09555  -0.28890  -0.35000
   L  -1.03780  -0.38890  -0.35000
   L  -0.64445  -0.51110  -0.35000
   L  -0.33335  -0.53335  -0.35000
   L   0.00000  -0.55555  -0.35000
   L   0.00000  -0.55555   0.09445
   L   0.33335  -0.53335   0.09445
   L   0.64445  -0.51110   0.09445
   L   1.11110  -0.40000   0.09445
   L   1.17780  -0.28890   0.09445
   L   1.11110  -0.17780   0.09445
   L   0.64445  -0.06665   0.09445
   L   0.64445   0.37780   0.09445
   L   0.57780   0.37780   0.09445
   L   0.53335   0.06665   0.09445
   L   0.33335  -0.13335   0.09445
   L   0.00000  -0.20000   0.09445
   L  -0.33335  -0.13335   0.09445
   L  -0.53335   0.06665   0.09445
   L  -0.57780   0.37780   0.09445
   L  -0.64445   0.37780   0.09445
   L  -0.64445  -0.06665   0.09445
   L  -1.11110  -0.17780   0.09445
   L  -1.17780  -0.28890   0.09445
   L  -1.11110  -0.40000   0.09445
   L  -0.64445  -0.51110   0.09445
   L  -0.33335  -0.53335   0.09445
   L   0.00000  -0.55555   0.09445
   L   0.00000  -0.55555   0.53890
   L   0.33335  -0.53335   0.53890
   L   0.64445  -0.51110   0.53890
   L   1.26665  -0.37780   0.53890
   L   1.35555  -0.27780   0.47220
   L   1.26665  -0.17780   0.53890
   L   0.64445  -0.11780   0.53890
   L   0.64445   0.37780   0.53890
   L   0.57780   0.37780   0.53890
   L   0.53335   0.06665   0.53890
   L   0.33335  -0.13335   0.53890
   L   0.00000  -0.20000   0.53890
   L  -0.33335  -0.13335   0.53890
   L  -0.53335   0.06665   0.53890
   L  -0.57780   0.37780   0.53890
   L  -0.64445   0.37780   0.53890
   L  -0.64445  -0.11780   0.53890
   L  -1.26665  -0.17780   0.53890
   L  -1.35555  -0.27780   0.47220
   L  -1.26665  -0.37780   0.53890
   L  -0.64445  -0.51110   0.53890
   L  -0.33335  -0.53335   0.53890
   L   0.00000  -0.55555   0.53890
   L   0.00000  -0.55555   0.98335
   L   0.33335  -0.53335   0.98335
   L   0.64445  -0.51110   0.98335
   L   1.55555  -0.35555   0.98335
   L   1.77780  -0.26665   0.98335
   L   1.55555  -0.17780   0.98335
   L   0.64445  -0.16665   0.98335
   L   0.64445   0.37780   0.98335
   L   0.57780   0.37780   0.98335
   L   0.53335   0.06665   0.98335
   L   0.33335  -0.13335   0.98335
   L   0.00000  -0.20000   0.98335
   L  -0.33335  -0.13335   0.98335
   L  -0.53335   0.06665   0.98335
   L  -0.57780   0.37780   0.98335
   L  -0.64445   0.37780   0.98335
   L  -0.64445  -0.16665   0.98335
   L  -1.55555  -0.17780   0.98335
   L  -1.77780  -0.26665   0.98335
   L  -1.55555  -0.35555   0.98335
   L  -0.64445  -0.51110   0.98335
   L  -0.33335  -0.53335   0.98335
   L   0.00000  -0.55555   0.98335
   L   0.00000  -0.55555   1.42780
   L   0.33335  -0.53335   1.42780
   L   0.64445  -0.51110   1.42780
   L   2.00000  -0.33335   1.42780
   L   2.22220  -0.25110   1.42780
   L   2.00000  -0.17780   1.42780
   L   0.64445  -0.22000   1.42780
   L   0.64445   0.37780   1.42780
   L   0.57780   0.37780   1.42780
   L   0.53335   0.06665   1.42780
   L   0.33335  -0.13335   1.42780
   L   0.00000  -0.20000   1.42780
   L  -0.33335  -0.13335   1.42780
   L  -0.53335   0.06665   1.42780
   L  -0.57780   0.37780   1.42780
   L  -0.64445   0.37780   1.42780
   L  -0.64445  -0.22000   1.42780
   L  -2.00000  -0.17780   1.42780
   L  -2.22220  -0.25110   1.42780
   L  -2.00000  -0.33335   1.42780
   L  -0.64445  -0.51110   1.42780
   L  -0.33335  -0.53335   1.42780
   L   0.00000  -0.55555   1.42780
   L   0.00000  -0.55555   1.87220
   L   0.33335  -0.53335   1.87220
   L   0.64445  -0.51110   1.87220
   L   2.44445  -0.31110   1.87220
   L   2.66665  -0.24890   1.87220
   L   2.44445  -0.17780   1.87220
   L   0.64445  -0.27110   1.87220
   L   0.64445   0.37780   1.87220
   L   0.57780   0.37780   1.87220
   L   0.53335   0.06665   1.87220
   L   0.33335  -0.13335   1.87220
   L   0.00000  -0.20000   1.87220
   L  -0.33335  -0.13335   1.87220
   L  -0.53335   0.06665   1.87220
   L  -0.57780   0.37780   1.87220
   L  -0.64445   0.37780   1.87220
   L  -0.64445  -0.27110   1.87220
   L  -2.44445  -0.17780   1.87220
   L  -2.66665  -0.24890   1.87220
   L  -2.44445  -0.31110   1.87220
   L  -0.64445  -0.51110   1.87220
   L  -0.33335  -0.53335   1.87220
   L   0.00000  -0.55555   1.87220
   L   0.00000  -0.53555   2.31665
   L   0.34890  -0.51335   2.31665
   L   0.68890  -0.49110   2.31665
   L   2.44445  -0.31110   2.31665
   L   2.86665  -0.25555   2.31665
   L   2.44445  -0.22665   2.31665
   L   0.67555  -0.32000   2.31665
   L   0.67555   0.35555   2.31665
   L   0.82665   0.58000   2.31665
   L   0.78000   0.76890   2.31665
   L   0.59780   0.92220   2.31665
   L   0.42000   0.97110   2.31665
   L   0.19335   0.87110   2.31665
   P  -0.19335   0.87110   2.31665
   L  -0.42000   0.97110   2.31665
   L  -0.59780   0.92220   2.31665
   L  -0.78000   0.76890   2.31665
   L  -0.82665   0.58000   2.31665
   L  -0.67555   0.35555   2.31665
   L  -0.67555  -0.32000   2.31665
   L  -2.44445  -0.22665   2.31665
   L  -2.86665  -0.25555   2.31665
   L  -2.44445  -0.31110   2.31665
   L  -0.68890  -0.49110   2.31665
   L  -0.34890  -0.51335   2.31665
   L   0.00000  -0.53555   2.31665
   L   0.00000  -0.51555   2.76110
   L   0.37555  -0.49335   2.76110
   L   0.74665  -0.47110   2.76110
   L   2.44445  -0.31110   2.76110
   L   2.91110  -0.26445   2.76110
   L   2.44445  -0.27780   2.76110
   L   0.73780  -0.37335   2.76110
   L   0.73780   0.34890   2.76110
   L   0.92665   0.60445   2.76110
   L   0.88665   0.82220   2.76110
   L   0.68220   1.01555   2.76110
   L   0.47555   1.07335   2.76110
   L   0.20220   0.93780   2.76110
   P  -0.20220   0.93780   2.76110
   L  -0.47555   1.07335   2.76110
   L  -0.68220   1.01555   2.76110
   L  -0.88665   0.82220   2.76110
   L  -0.92665   0.60445   2.76110
   L  -0.73780   0.34890   2.76110
   L  -0.73780  -0.37335   2.76110
   L  -2.44445  -0.27780   2.76110
   L  -2.91110  -0.26445   2.76110
   L  -2.44445  -0.31110   2.76110
   L  -0.74665  -0.47110   2.76110
   L  -0.37555  -0.49335   2.76110
   L   0.00000  -0.51555   2.76110
   L   0.00000  -0.48890   3.36110
   L   0.00000  -0.40000   4.09445
   L   0.00000  -0.33335   3.36110
   P   0.82220  -0.44445   3.36110
   L   0.71110  -0.40000   4.09445
   L   0.82220  -0.33335   3.36110
   L   0.80220   0.34445   3.23890
   L   0.80220   0.34445   3.33890
   L   0.98890   0.61335   3.33890
   L   0.94220   0.83780   3.33890
   L   0.73555   1.04220   3.33890
   L   0.52890   1.10890   3.33890
   L   0.25335   0.98890   3.33890
   L   0.80220   0.34445   3.33890
   P  -0.80220   0.34445   3.33890
   L  -0.25335   0.98890   3.33890
   L  -0.52890   1.10890   3.33890
   L  -0.73555   1.04220   3.33890
   L  -0.94220   0.83780   3.33890
   L  -0.98890   0.61335   3.33890
   L  -0.80220   0.34445   3.33890
   L  -0.80220   0.34445   3.23890
   L  -0.82220  -0.33335   3.36110
   L  -0.71110  -0.40000   4.09445
   L  -0.82220  -0.44445   3.36110
   P  -0.03335  -0.12220  -4.49445
   L  -0.10665   0.04445  -4.30555
   L  -0.19335   0.25780  -3.90555
   L  -0.26000   0.44000  -3.46110
   L  -0.25555   0.55555  -3.16110
   L  -0.22220   0.68890  -3.08335
   L  -0.17780   0.77780  -2.99445
   P  -0.05555  -0.14445  -4.49445
   L  -0.17780  -0.02220  -4.30555
   L  -0.33555   0.13335  -3.90555
   L  -0.46220   0.26665  -3.46110
   L  -0.56445   0.34000  -3.01665
   L  -0.63335   0.37780  -2.57220
   L  -0.64445   0.37780  -2.41665
   P  -0.06665  -0.17780  -4.49445
   L  -0.21780  -0.12665  -4.30555
   L  -0.38445  -0.05555  -3.90555
   L  -0.52000   0.00000  -3.46110
   L  -0.60220   0.04000  -3.01665
   L  -0.64445   0.06665  -2.57220
   L  -0.64445   0.06665   2.09445
   L  -0.81110   0.06665   3.28780
   P  -0.05555  -0.21110  -4.49445
   L  -0.21780  -0.22445  -4.30555
   L  -0.38220  -0.24665  -3.90555
   L  -0.52000  -0.26000  -3.46110
   L  -0.60220  -0.27110  -3.01665
   L  -0.68890  -0.28890  -2.57220
   L  -1.17780  -0.28890   0.09445
   L  -1.35555  -0.27780   0.47220
   L  -1.55555  -0.26890   0.76110
   L  -2.44445  -0.24445   1.65000
   L  -2.66665  -0.24890   1.87220
   L  -2.86665  -0.25780   2.31665
   L  -2.91110  -0.26665   2.76110
   L  -2.91110  -0.26665   2.93890
   L  -2.88890  -0.26665   2.96110
   L  -2.44445  -0.31110   3.05000
   L  -2.44445  -0.17780   1.87220
   L  -2.44445  -0.24445   1.65000
   L  -2.44445  -0.31110   1.87220
   L  -2.44445  -0.31110   3.05000
   L  -2.00000  -0.34445   3.13445
   L  -2.00000  -0.20220   1.87220
   L  -2.00000  -0.17780   1.42780
   L  -2.00000  -0.25780   1.20555
   L  -2.00000  -0.33335   1.42780
   L  -2.00000  -0.36220   1.87220
   L  -2.00000  -0.34445   3.13445
   L  -1.55555  -0.38000   3.21890
   L  -1.55555  -0.22665   1.87220
   L  -1.55555  -0.17780   0.98335
   L  -1.55555  -0.26890   0.76110
   L  -1.55555  -0.35555   0.98335
   L  -1.55555  -0.41110   1.87220
   L  -1.55555  -0.38000   3.21890
   L  -1.11110  -0.41335   3.30555
   L  -1.11110  -0.25110   1.87220
   L  -1.11110  -0.17110   0.98335
   L  -1.11110  -0.17780   0.09445
   P  -1.11110  -0.40000   0.09445
   L  -1.11110  -0.43335   0.98335
   L  -1.11110  -0.46000   1.87220
   L  -1.11110  -0.41335   3.30555
   L  -0.82220  -0.44445   3.36110
   L  -0.64445  -0.29335   2.09445
   L  -0.64445  -0.06665   0.09445
   L  -0.64445  -0.06665  -0.35000
   L  -0.64445  -0.22220  -2.57220
   L  -0.60220  -0.27110  -3.01665
   P  -0.19110  -0.27780  -4.30555
   L  -0.34000  -0.33335  -3.90555
   L  -0.48220  -0.35110  -3.46110
   L  -0.55110  -0.37110  -3.01665
   L  -0.57555  -0.37780  -2.57220
   L  -0.60220  -0.42220  -1.68335
   L  -0.64445  -0.51110  -0.35000
   L  -0.64445  -0.51110   1.87220
   L  -0.82220  -0.44445   3.36110
   P  -0.66665  -0.24445  -2.57220
   L  -1.11110  -0.17780   0.09445
   L  -1.26665  -0.17780   0.53890
   L  -1.55555  -0.17780   0.98335
   L  -2.44445  -0.17780   1.87220
   L  -2.86665  -0.25780   2.31665
   L  -2.44445  -0.31110   1.87220
   L  -1.55555  -0.35555   0.98335
   L  -1.26665  -0.37780   0.53890
   L  -1.11110  -0.40000   0.09445
   L  -0.66665  -0.33335  -2.57220
   L  -0.59555  -0.31335  -3.01665
   P  -0.03335  -0.23335  -4.49445
   L  -0.10665  -0.32890  -4.30555
   L  -0.18220  -0.41555  -3.90555
   L  -0.25110  -0.44445  -3.46110
   L  -0.28445  -0.46665  -3.01665
   L  -0.31110  -0.47780  -2.57220
   L  -0.33335  -0.48890  -2.12780
   L  -0.33335  -0.53335  -0.35000
   L  -0.33335  -0.53335   1.87220
   L  -0.33335  -0.52220   2.09445
   L  -0.41110  -0.46665   3.36110
   L  -0.35555  -0.40000   4.09445
   L  -0.41110  -0.33335   3.36110
   P  -0.63110   0.44445   2.09445
   L  -0.67555   0.35555   2.31665
   L  -0.73780   0.34890   2.76110
   L  -0.80220   0.34445   3.23890
   P  -0.61110   0.55555   2.09445
   L  -0.82665   0.58000   2.31665
   L  -0.92665   0.60445   2.76110
   L  -0.98890   0.61335   3.33890
   P  -0.55555   0.66665   2.09445
   L  -0.78000   0.76890   2.31665
   L  -0.88665   0.82220   2.76110
   L  -0.94220   0.83780   3.33890
   L  -0.61335   0.56220   3.33890
   P  -0.44445   0.77780   2.09445
   L  -0.59780   0.92220   2.31665
   L  -0.68220   1.01555   2.76110
   L  -0.73555   1.04220   3.33890
   L  -0.42220   0.78445   3.33890
   P  -0.33335   0.81780   2.09445
   L  -0.42000   0.97110   2.31665
   L  -0.47555   1.07335   2.76110
   L  -0.52890   1.10890   3.33890
   P  -0.33335   0.81780   2.09445
   L  -0.19335   0.87110   2.31665
   L  -0.20220   0.93780   2.76110
   L  -0.25335   0.98890   3.33890
   P  -0.04445   0.87335  -2.48335
   L  -0.15555   0.85110  -2.48335
   L  -0.15555   0.85110  -2.59445
   L  -0.04445   0.87335  -2.59445
   L  -0.04445   0.87335  -2.48335
   P  -0.04445   0.84445  -2.41665
   L  -0.15555   0.82220  -2.41665
   L  -0.15555   0.75555  -2.41665
   L  -0.04445   0.75555  -2.41665
   L  -0.04445   0.84445  -2.41665
   P   0.03335  -0.12220  -4.49445
   L   0.10665   0.04445  -4.30555
   L   0.19335   0.25780  -3.90555
   L   0.26000   0.44000  -3.46110
   L   0.25555   0.55555  -3.16110
   L   0.22220   0.68890  -3.08335
   L   0.17780   0.77780  -2.99445
   P   0.05555  -0.14445  -4.49445
   L   0.17780  -0.02220  -4.30555
   L   0.33555   0.13335  -3.90555
   L   0.46220   0.26665  -3.46110
   L   0.56445   0.34000  -3.01665
   L   0.63335   0.37780  -2.57220
   L   0.64445   0.37780  -2.41665
   P   0.06665  -0.17780  -4.49445
   L   0.21780  -0.12665  -4.30555
   L   0.38445  -0.05555  -3.90555
   L   0.52000   0.00000  -3.46110
   L   0.60220   0.04000  -3.01665
   L   0.64445   0.06665  -2.57220
   L   0.64445   0.06665   2.09445
   L   0.81110   0.06665   3.28780
   P   0.05555  -0.21110  -4.49445
   L   0.21780  -0.22445  -4.30555
   L   0.38220  -0.24665  -3.90555
   L   0.52000  -0.26000  -3.46110
   L   0.60220  -0.27110  -3.01665
   L   0.68890  -0.28890  -2.57220
   L   1.17780  -0.28890   0.09445
   L   1.35555  -0.27780   0.47220
   L   1.55555  -0.26890   0.76110
   L   2.44445  -0.24445   1.65000
   L   2.66665  -0.24890   1.87220
   L   2.86665  -0.25780   2.31665
   L   2.91110  -0.26665   2.76110
   L   2.91110  -0.26665   2.93890
   L   2.88890  -0.26665   2.96110
   L   2.44445  -0.31110   3.05000
   L   2.44445  -0.17780   1.87220
   L   2.44445  -0.24445   1.65000
   L   2.44445  -0.31110   1.87220
   L   2.44445  -0.31110   3.05000
   L   2.00000  -0.34445   3.13445
   L   2.00000  -0.20220   1.87220
   L   2.00000  -0.17780   1.42780
   L   2.00000  -0.25780   1.20555
   L   2.00000  -0.33335   1.42780
   L   2.00000  -0.36220   1.87220
   L   2.00000  -0.34445   3.13445
   L   1.55555  -0.38000   3.21890
   L   1.55555  -0.22665   1.87220
   L   1.55555  -0.17780   0.98335
   L   1.55555  -0.26890   0.76110
   L   1.55555  -0.35555   0.98335
   L   1.55555  -0.41110   1.87220
   L   1.55555  -0.38000   3.21890
   L   1.11110  -0.41335   3.30555
   L   1.11110  -0.25110   1.87220
   L   1.11110  -0.17110   0.98335
   L   1.11110  -0.17780   0.09445
   P   1.11110  -0.40000   0.09445
   L   1.11110  -0.43335   0.98335
   L   1.11110  -0.46000   1.87220
   L   1.11110  -0.41335   3.30555
   L   0.82220  -0.44445   3.36110
   L   0.64445  -0.29335   2.09445
   L   0.64445  -0.06665   0.09445
   L   0.64445  -0.06665  -0.35000
   L   0.64445  -0.22220  -2.57220
   L   0.60220  -0.27110  -3.01665
   P   0.19110  -0.27780  -4.30555
   L   0.34000  -0.33335  -3.90555
   L   0.48220  -0.35110  -3.46110
   L   0.55110  -0.37110  -3.01665
   L   0.57555  -0.37780  -2.57220
   L   0.60220  -0.42220  -1.68335
   L   0.64445  -0.51110  -0.35000
   L   0.64445  -0.51110   1.87220
   L   0.82220  -0.44445   3.36110
   P   0.66665  -0.24445  -2.57220
   L   1.11110  -0.17780   0.09445
   L   1.26665  -0.17780   0.53890
   L   1.55555  -0.17780   0.98335
   L   2.44445  -0.17780   1.87220
   L   2.86665  -0.25780   2.31665
   L   2.44445  -0.31110   1.87220
   L   1.55555  -0.35555   0.98335
   L   1.26665  -0.37780   0.53890
   L   1.11110  -0.40000   0.09445
   L   0.66665  -0.33335  -2.57220
   L   0.59555  -0.31335  -3.01665
   P   0.03335  -0.23335  -4.49445
   L   0.10665  -0.32890  -4.30555
   L   0.18220  -0.41555  -3.90555
   L   0.25110  -0.44445  -3.46110
   L   0.28445  -0.46665  -3.01665
   L   0.31110  -0.47780  -2.57220
   L   0.33335  -0.48890  -2.12780
   L   0.33335  -0.53335  -0.35000
   L   0.33335  -0.53335   1.87220
   L   0.33335  -0.52220   2.09445
   L   0.41110  -0.46665   3.36110
   L   0.35555  -0.40000   4.09445
   L   0.41110  -0.33335   3.36110
   P   0.63110   0.44445   2.09445
   L   0.67555   0.35555   2.31665
   L   0.73780   0.34890   2.76110
   L   0.80220   0.34445   3.23890
   P   0.61110   0.55555   2.09445
   L   0.82665   0.58000   2.31665
   L   0.92665   0.60445   2.76110
   L   0.98890   0.61335   3.33890
   P   0.55555   0.66665   2.09445
   L   0.78000   0.76890   2.31665
   L   0.88665   0.82220   2.76110
   L   0.94220   0.83780   3.33890
   L   0.61335   0.56220   3.33890
   P   0.44445   0.77780   2.09445
   L   0.59780   0.92220   2.31665
   L   0.68220   1.01555   2.76110
   L   0.73555   1.04220   3.33890
   L   0.42220   0.78445   3.33890
   P   0.33335   0.81780   2.09445
   L   0.42000   0.97110   2.31665
   L   0.47555   1.07335   2.76110
   L   0.52890   1.10890   3.33890
   P   0.33335   0.81780   2.09445
   L   0.19335   0.87110   2.31665
   L   0.20220   0.93780   2.76110
   L   0.25335   0.98890   3.33890
   P   0.04445   0.87335  -2.48335
   L   0.15555   0.85110  -2.48335
   L   0.15555   0.85110  -2.59445
   L   0.04445   0.87335  -2.59445
   L   0.04445   0.87335  -2.48335
   P   0.04445   0.84445  -2.41665
   L   0.15555   0.82220  -2.41665
   L   0.15555   0.75555  -2.41665
   L   0.04445   0.75555  -2.41665
   L   0.04445   0.84445  -2.41665
   P   0.00000   0.87780  -2.41665
   L   0.11110   0.86665  -2.41665
   L   0.22220   0.83335  -2.41665
   L   0.33335   0.77780  -2.41665
   L   0.44445   0.66665  -2.41665
   L   0.64445   0.37780  -2.41665
   L   0.64445   0.37780   2.09445
   L   0.61110   0.55555   2.09445
   L   0.55555   0.66665   2.09445
   L   0.44445   0.77780   2.09445
   L   0.33335   0.81780   2.09445
   L   0.22220   0.85780   2.09445
   L   0.00000   0.87780   2.09445
   L  -0.22220   0.85780   2.09445
   L  -0.33335   0.81780   2.09445
   L  -0.44445   0.77780   2.09445
   L  -0.55555   0.66665   2.09445
   L  -0.61110   0.55555   2.09445
   L  -0.64445   0.37780   2.09445
   L  -0.64445   0.37780  -2.41665
   L  -0.44445   0.66665  -2.41665
   L  -0.33335   0.77780  -2.41665
   L  -0.22220   0.83335  -2.41665
   L  -0.11110   0.86665  -2.41665
   L   0.00000   0.87780  -2.41665
   P   0.64445   0.37780  -2.41665
   L   0.57780   0.37780  -2.41665
   L   0.53335   0.06665  -2.41665
   L   0.33335  -0.13335  -2.41665
   L   0.00000  -0.20000  -2.41665
   L  -0.33335  -0.13335  -2.41665
   L  -0.53335   0.06665  -2.41665
   L  -0.57780   0.37780  -2.41665
   L  -0.64445   0.37780  -2.41665
   P   0.00000   0.22220  -2.41665
   L   0.05555   0.21110  -2.41665
   L   0.10000   0.16665  -2.41665
   L   0.11110   0.11110  -2.41665
   L   0.10000   0.05555  -2.41665
   L   0.05555   0.01110  -2.41665
   L   0.00000   0.00000  -2.41665
   L  -0.05555   0.01110  -2.41665
   L  -0.10000   0.05555  -2.41665
   L  -0.11110   0.11110  -2.41665
   L  -0.10000   0.16665  -2.41665
   L  -0.05555   0.21110  -2.41665
   L   0.00000   0.22220  -2.41665
   P   0.44445   0.66665  -2.41665
   L   0.44445  -0.02220  -2.41665
   P   0.22220   0.83335  -2.41665
   L   0.22220  -0.15555  -2.41665
   P   0.00000   0.87780  -2.41665
   L   0.00000   0.22220  -2.41665
   P   0.00000   0.00000  -2.41665
   L   0.00000  -0.20000  -2.41665
   P  -0.22220   0.83335  -2.41665
   L  -0.22220  -0.15555  -2.41665
   P  -0.44445   0.66665  -2.41665
   L  -0.44445  -0.02220  -2.41665
   P   0.44445   0.66665  -2.41665
   L  -0.44445   0.66665  -2.41665
   P   0.60000   0.44445  -2.41665
   L  -0.60000   0.44445  -2.41665
   P   0.55555   0.22220  -2.41665
   L  -0.55555   0.22220  -2.41665
   P   0.46665   0.00000  -2.41665
   L  -0.46665   0.00000  -2.41665
   P   0.44445   0.77780   2.09445
   L   0.44445  -0.02220   2.09445
   P   0.22220   0.85780   2.09445
   L   0.22220  -0.15555   2.09445
   P   0.00000   0.87780   2.09445
   L   0.00000  -0.20000   2.09445
   P  -0.22220   0.85780   2.09445
   L  -0.22220  -0.15555   2.09445
   P  -0.44445   0.77780   2.09445
   L  -0.44445  -0.02220   2.09445
   P   0.55555   0.66665   2.09445
   L  -0.55555   0.66665   2.09445
   P   0.63110   0.44445   2.09445
   L  -0.63110   0.44445   2.09445
   P   0.55555   0.22220   2.09445
   L  -0.55555   0.22220   2.09445
   P   0.46665   0.00000   2.09445
   L  -0.46665   0.00000   2.09445
   P   0.64445   0.37780   2.09445
   L   0.57780   0.37780   2.09445
   L   0.53335   0.06665   2.09445
   L   0.33335  -0.13335   2.09445
   L   0.00000  -0.20000   2.09445
   L  -0.33335  -0.13335   2.09445
   L  -0.53335   0.06665   2.09445
   L  -0.57780   0.37780   2.09445
   L  -0.64445   0.37780   2.09445
   P   0.57780   0.37780  -2.41665
   L   0.57780   0.37780   2.09445
   P   0.53335   0.06665  -2.41665
   L   0.53335   0.06665   2.09445
   P   0.33335  -0.13335  -2.41665
   L   0.33335  -0.13335   2.09445
   P   0.00000  -0.20000  -2.41665
   L   0.00000  -0.20000   2.09445
   P  -0.33335  -0.13335  -2.41665
   L  -0.33335  -0.13335   2.09445
   P  -0.53335   0.06665  -2.41665
   L  -0.53335   0.06665   2.09445
   P  -0.57780   0.37780  -2.41665
   L  -0.57780   0.37780   2.09445
   P   0.00000   0.87780  -2.41665
   L   0.00000   0.84445  -2.79445
   L   0.00000   0.77780  -3.03890
   L   0.00000   0.68890  -3.17220
   L   0.00000   0.55555  -3.29445
   L   0.00000   0.49780  -3.46110
   L   0.00000   0.29780  -3.90555
   L   0.00000   0.06665  -4.30555
   L   0.00000  -0.11110  -4.49445
   P   0.33335   0.77780  -2.41665
   L   0.30000   0.77780  -2.79445
   L   0.26665   0.77780  -2.92780
   L   0.17780   0.77780  -2.99445
   L   0.00000   0.77780  -3.03890
   L  -0.17780   0.77780  -2.99445
   L  -0.26665   0.77780  -2.92780
   L  -0.30000   0.77780  -2.79445
   L  -0.33335   0.77780  -2.41665
   P   0.42220   0.68890  -2.41665
   L   0.33335   0.68890  -2.95000
   L   0.22220   0.68890  -3.08335
   L   0.08890   0.68890  -3.13890
   L   0.05555   0.55555  -3.26110
   L   0.25555   0.55555  -3.16110
   L   0.46665   0.44445  -3.01665
   L   0.45555   0.55555  -2.77220
   L   0.36000   0.68890  -2.79445
   L   0.30000   0.77780  -2.79445
   L   0.17780   0.82220  -2.79445
   L   0.00000   0.84445  -2.79445
   L  -0.17780   0.82220  -2.79445
   L  -0.30000   0.77780  -2.79445
   L  -0.36000   0.68890  -2.79445
   L  -0.45555   0.55555  -2.77220
   L  -0.46665   0.44445  -3.01665
   L  -0.25555   0.55555  -3.16110
   L  -0.05555   0.55555  -3.26110
   L  -0.08890   0.68890  -3.13890
   L  -0.22220   0.68890  -3.08335
   L  -0.33335   0.68890  -2.95000
   L  -0.42220   0.68890  -2.41665
   P   0.82220  -0.33335   3.36110
   L  -0.82220  -0.33335   3.36110
   L  -0.82220  -0.44445   3.36110
   L  -0.41110  -0.46665   3.36110
   L   0.00000  -0.48890   3.36110
   L   0.41110  -0.46665   3.36110
   L   0.82220  -0.44445   3.36110
   L   0.82220  -0.33335   3.36110
   P   0.71110  -0.40000   4.09445
   L  -0.71110  -0.40000   4.09445
   P   0.00000   1.33335   3.80555
   L   0.08890   1.00000   3.09445
   L   0.04445   2.55555   4.11220
   L   0.00000   2.86665   4.31665
   L  -0.04445   2.55555   4.11220
   L  -0.08890   1.00000   3.09445
   L   0.08890   1.00000   3.09445
   L   0.08890   0.91110   2.31665
   L   0.04445   2.55555   3.71665
   L   0.00000   2.86665   3.98335
   L  -0.04445   2.55555   3.71665
   L  -0.08890   0.91110   2.31665
   L   0.08890   0.91110   2.31665
   L   0.00000   0.88890   2.09445
   L  -0.08890   0.91110   2.31665
   L  -0.08890   1.00000   3.09445
   L   0.00000   1.33335   3.80555
   L   0.07780   1.33335   3.31665
   L   0.07780   1.33335   2.67445
   L   0.00000   1.33335   2.31665
   L  -0.07780   1.33335   2.67445
   L  -0.07780   1.33335   3.31665
   L   0.00000   1.33335   3.80555
   L   0.00000   1.77780   4.00555
   L   0.06665   1.77780   3.60555
   L   0.06665   1.77780   3.05445
   L   0.00000   1.77780   2.75445
   L  -0.06665   1.77780   3.05445
   L  -0.06665   1.77780   3.60555
   L   0.00000   1.77780   4.00555
   L   0.00000   2.22220   4.21000
   L   0.05555   2.22220   3.89445
   L   0.05555   2.22220   3.43220
   L   0.00000   2.22220   3.19220
   L  -0.05555   2.22220   3.43220
   L  -0.05555   2.22220   3.89445
   L   0.00000   2.22220   4.21000
   L   0.00000   2.55555   4.36110
   L   0.04445   2.55555   4.11220
   L   0.04445   2.55555   3.71665
   L   0.00000   2.55555   3.51665
   L  -0.04445   2.55555   3.71665
   L  -0.04445   2.55555   4.11220
   L   0.00000   2.55555   4.36110
   L   0.00000   2.84445   4.49445
   L   0.00000   2.86665   4.47220
   L   0.00000   2.86665   3.89445
   L   0.00000   2.84445   3.82780
   L   0.00000   2.80000   3.76110
   L   0.00000   1.22220   2.20555
   L   0.00000   1.11110   2.13890
   L   0.00000   0.88890   2.09445
   P   0.00000   1.09780   3.90110
   L   0.00000   0.91335   3.46780
   L   0.00000   0.69335   3.25000
   L   0.00000   0.92220   3.07445
   P   0.22665   0.99335   3.93000
   L   0.17335   0.83110   3.49000
   L   0.05110   0.66890   3.25665
   L   0.26000   0.80000   3.10780
   P   0.28220   0.75780   3.99220
   L   0.21555   0.65110   3.53890
   L   0.06445   0.61555   3.27220
   L   0.32445   0.52890   3.18110
   P   0.12445   0.56890   4.04335
   L   0.09555   0.50445   3.57890
   L   0.02890   0.57110   3.28335
   L   0.14445   0.31110   3.23890
   P  -0.12445   0.56890   4.04335
   L  -0.09555   0.50445   3.57890
   L  -0.02890   0.57110   3.28335
   L  -0.14445   0.31110   3.23890
   P  -0.28220   0.75780   3.99220
   L  -0.21555   0.65110   3.53890
   L  -0.06445   0.61555   3.27220
   L  -0.32445   0.52890   3.18110
   P  -0.22665   0.99335   3.93000
   L  -0.17335   0.83110   3.49000
   L  -0.05110   0.66890   3.25665
   L  -0.26000   0.80000   3.10780
   P   0.00000   1.09780   3.90110
   L   0.22665   0.99335   3.93000
   L   0.28220   0.75780   3.99220
   L   0.12445   0.56890   4.04335
   L  -0.12445   0.56890   4.04335
   L  -0.28220   0.75780   3.99220
   L  -0.22665   0.99335   3.93000
   L   0.00000   1.09780   3.90110
   P   0.00000   0.91335   3.46780
   L   0.17335   0.83110   3.49000
   L   0.21555   0.65110   3.53890
   L   0.09555   0.50445   3.57890
   L  -0.09555   0.50445   3.57890
   L  -0.21555   0.65110   3.53890
   L  -0.17335   0.83110   3.49000
   L   0.00000   0.91335   3.46780
   P   0.00000   0.69335   3.25000
   L   0.05110   0.66890   3.25665
   L   0.06445   0.61555   3.27220
   L   0.02890   0.57110   3.28335
   L  -0.02890   0.57110   3.28335
   L  -0.06445   0.61555   3.27220
   L  -0.05110   0.66890   3.25665
   L   0.00000   0.69335   3.25000
   P   0.00000   0.92220   3.07445
   L   0.26000   0.80000   3.10780
   L   0.32445   0.52890   3.18110
   L   0.14445   0.31110   3.23890
   L  -0.14445   0.31110   3.23890
   L  -0.32445   0.52890   3.18110
   L  -0.26000   0.80000   3.10780
   L   0.00000   0.92220   3.07445
   P   0.54665   0.43780   4.08335
   L   0.46890   0.28665   3.64335
   L   0.42890   0.08665   3.41220
   L   0.40000   0.32665   3.25665
   P   0.77110   0.33110   4.06335
   L   0.64220   0.20445   3.62780
   L   0.48000   0.06220   3.40780
   L   0.66220   0.20445   3.23445
   P   0.83335   0.09110   4.09665
   L   0.69110   0.02000   3.65445
   L   0.49555   0.00665   3.41665
   L   0.73335  -0.07335   3.27445
   P   0.68665  -0.10220   4.15890
   L   0.57780  -0.12665   3.70110
   L   0.46000  -0.03780   3.43000
   L   0.56220  -0.29555   3.34555
   P   0.44000  -0.10220   4.20335
   L   0.38665  -0.12665   3.73445
   L   0.40445  -0.03780   3.44110
   L   0.27780  -0.29555   3.39665
   P   0.28000   0.09110   4.19445
   L   0.26445   0.02000   3.73000
   L   0.36665   0.00665   3.43890
   L   0.09335  -0.07335   3.38555
   P   0.32665   0.33110   4.14110
   L   0.30000   0.20445   3.68780
   L   0.37780   0.06220   3.42555
   L   0.14890   0.20445   3.32335
   P   0.54665   0.43780   4.08335
   L   0.77110   0.33110   4.06335
   L   0.83335   0.09110   4.09665
   L   0.68665  -0.10220   4.15890
   L   0.44000  -0.10220   4.20335
   L   0.28000   0.09110   4.19445
   L   0.32665   0.33110   4.14110
   L   0.54665   0.43780   4.08335
   P   0.46890   0.28665   3.64335
   L   0.64220   0.20445   3.62780
   L   0.69110   0.02000   3.65445
   L   0.57780  -0.12665   3.70110
   L   0.38665  -0.12665   3.73445
   L   0.26445   0.02000   3.73000
   L   0.30000   0.20445   3.68780
   L   0.46890   0.28665   3.64335
   P   0.42890   0.08665   3.41220
   L   0.48000   0.06220   3.40780
   L   0.49555   0.00665   3.41665
   L   0.46000  -0.03780   3.43000
   L   0.40445  -0.03780   3.44110
   L   0.36665   0.00665   3.43890
   L   0.37780   0.06220   3.42555
   L   0.42890   0.08665   3.41220
   P   0.40000   0.32665   3.25665
   L   0.66220   0.20445   3.23445
   L   0.73335  -0.07335   3.27445
   L   0.56220  -0.29555   3.34555
   L   0.27780  -0.29555   3.39665
   L   0.09335  -0.07335   3.38555
   L   0.14890   0.20445   3.32335
   L   0.40000   0.32665   3.25665
   P  -0.54665   0.43780   4.08335
   L  -0.46890   0.28665   3.64335
   L  -0.42890   0.08665   3.41220
   L  -0.40000   0.32665   3.25665
   P  -0.32665   0.33110   4.14110
   L  -0.30000   0.20445   3.68780
   L  -0.37780   0.06220   3.42555
   L  -0.14890   0.20445   3.32335
   P  -0.28000   0.09110   4.19445
   L  -0.26445   0.02000   3.73000
   L  -0.36665   0.00665   3.43890
   L  -0.09335  -0.07335   3.38555
   P  -0.44000  -0.10220   4.20335
   L  -0.38665  -0.12665   3.73445
   L  -0.40445  -0.03780   3.44110
   L  -0.27780  -0.29555   3.39665
   P  -0.68665  -0.10220   4.15890
   L  -0.57780  -0.12665   3.70110
   L  -0.46000  -0.03780   3.43000
   L  -0.56220  -0.29555   3.34555
   P  -0.83335   0.09110   4.09665
   L  -0.69110   0.02000   3.65445
   L  -0.49555   0.00665   3.41665
   L  -0.73335  -0.07335   3.27445
   P  -0.77110   0.33110   4.06335
   L  -0.64220   0.20445   3.62780
   L  -0.48000   0.06220   3.40780
   L  -0.66220   0.20445   3.23445
   P  -0.54665   0.43780   4.08335
   L  -0.32665   0.33110   4.14110
   L  -0.28000   0.09110   4.19445
   L  -0.44000  -0.10220   4.20335
   L  -0.68665  -0.10220   4.15890
   L  -0.83335   0.09110   4.09665
   L  -0.77110   0.33110   4.06335
   L  -0.54665   0.43780   4.08335
   P  -0.46890   0.28665   3.64335
   L  -0.30000   0.20445   3.68780
   L  -0.26445   0.02000   3.73000
   L  -0.38665  -0.12665   3.73445
   L  -0.57780  -0.12665   3.70110
   L  -0.69110   0.02000   3.65445
   L  -0.64220   0.20445   3.62780
   L  -0.46890   0.28665   3.64335
   P  -0.42890   0.08665   3.41220
   L  -0.37780   0.06220   3.42555
   L  -0.36665   0.00665   3.43890
   L  -0.40445  -0.03780   3.44110
   L  -0.46000  -0.03780   3.43000
   L  -0.49555   0.00665   3.41665
   L  -0.48000   0.06220   3.40780
   L  -0.42890   0.08665   3.41220
   P  -0.40000   0.32665   3.25665
   L  -0.14890   0.20445   3.32335
   L  -0.09335  -0.07335   3.38555
   L  -0.27780  -0.29555   3.39665
   L  -0.56220  -0.29555   3.34555
   L  -0.73335  -0.07335   3.27445
   L  -0.66220   0.20445   3.23445
   L  -0.40000   0.32665   3.25665
   P   0.00000   0.00000   0.53890
   P  -2.91110  -0.55555  -4.49445
   P   2.91110   2.86665   4.49445
